0,3308.2
0,3309.8
0,3309.4
0,3308.6
0,3307.4
0,3307.8
0,3310.8
0,3308.7
0,3309.9
0,3309.1
0,3307.4
0,3308
0,3308.7
0,3310.6
0,3308.5
0,3307.1
0,3309.2
0,3307.6
0,3309.4
0,3307.8
0,3308.7
0,3309
0,3308.7
0,3308.7
0,3308.7
0,3307.5
0,3308.7
0,3310
0,3309.6
0,3308.4
0,3309.9
0,3307.4
0,3310.4
0,3308.3
0,3308.9
0,3308.1
0,3308.7
0,3307.5
0,3310.7
0,3309.7
0,3308.8
0,3308.3
0,3307.7
0,3308.1
0,3308.9
0,3308.6
0,3307.9
0,3309.1
0,3306.4
0,3308.8
0,3308.5
0,3308.3
0,3307.8
0,3307.5
0,3307.9
0,3307.7
0,3307.9
0,3308.2
0,3309.3
0,3309
0,3308.8
0,3309.6
0,3308.5
0,3306.6
0,3309.1
0,3309.7
0,3309.1
0,3309.3
0,3309.4
0,3308.1
0,3309.1
0,3309.4
0,3308.4
0,3308.6
0,3308.6
0,3308.8
0,3309.9
0,3307.6
0,3308
0,3308.2
0,3308.4
0,3308.5
0,3307.4
0,3308.6
0,3308.4
0,3308.1
0,3307.7
0,3309.2
0,3308.3
0,3309.3
0,3308.4
0,3309.8
0,3308.6
0,3308.4
0,3308.5
0,3307.8
0,3308.4
0,3307
0,3309.7
0,3308.4
