128,-82,-10.015
128,-83.6,-0.96182
128,-84.4,-13.032
129,-80.4,-8.3513
129,-80.8,-2.8043
129,-81.6,-2.7832
129,-82.2,2.2508
129,-82.4,0.3944
129,-83.6,-12.447
129,-83.8,-3.7238
129,-84,-13.972
129,-85.2,-14.624
129,-85.4,-1.852
129,-85.6,-4.4599
130,-79,-7.123
130,-79.8,-5.8456
130,-80.6,3.1509
130,-80.8,-5.7643
130,-81.8,-6.8924
130,-82.2,-1.5257
130,-83.4,3.2742
130,-85.4,-5.5979
130,-85.6,-10.778
130,-85.8,-2.314
130,-86,-12.994
131,-78.6,-9.4376
131,-79,-4.5544
131,-81.8,-7.3985
131,-84.2,-5.031
131,-85.4,0.55902
131,-85.8,-3.0775
131,-86,2.7645
131,-86.2,5.5717
132,-79.8,-10.863
132,-82.4,-11.57
132,-85.4,5.5733
132,-85.8,-3.6085
133,-76.2,-11.09
133,-77.2,-9.6354
133,-77.6,-13.965
133,-77.8,-6.1108
133,-78,-21.479
133,-80.4,6.9711
133,-82.2,-5.5905
133,-82.4,-10.568
133,-85.6,-7.7386
133,-85.8,-11.424
133,-86,-14.213
133,-86.6,-8.6241
134,-75.2,-17.251
134,-75.4,-17.106
134,-77,-14.606
134,-77.4,-7.4962
134,-78.4,-9.8015
134,-79.2,-5.5112
134,-80,4.8468
134,-81.4,-6.3155
134,-82.4,-12.836
134,-86,-6.5518
134,-86.6,-3.9386
134,-87,-0.89158
135,-74.6,-28.066
135,-78,-14.148
135,-78.2,-3.4157
135,-79.4,-6.942
135,-81.4,-1.249
135,-85.8,-7.144
135,-86,-1.0918
135,-86.6,-1.1953
135,-86.8,-5.8914
136,-74.2,-20.349
136,-74.6,-20.562
136,-77.8,-13.812
136,-78.2,-13.109
136,-78.4,-14.623
136,-79.6,-10.804
136,-80.4,5.1813
136,-82,2.9948
136,-82.2,-3.3947
136,-84.4,2.0222
136,-85.4,-0.90024
136,-86.2,-9.0969
136,-86.4,-6.2977
136,-86.8,-11.044
137,-73.4,-25.195
137,-73.6,-29.033
137,-74,-18.56
137,-74.2,-19.304
137,-74.8,-21.357
137,-75,-19.029
137,-76,-15.326
137,-77,-17.788
137,-79,-10.024
137,-79.4,-7.7805
137,-79.8,-11.117
137,-80.4,2.3802
137,-81.6,-8.0974
137,-82,-6.6223
137,-82.2,-3.2323
137,-84.6,-11.406
137,-85.6,-10.368
137,-86.2,-14.334
137,-86.6,-4.1196
137,-86.8,-2.5933
137,-87.2,-2.7745
137,-87.4,-11.303
138,-72,-28.967
138,-72.2,-19.29
138,-73.4,-24.357
138,-74,-25.626
138,-74.2,-38.152
138,-75,-24.429
138,-76.2,-16.977
138,-77.6,-13.166
138,-78,-11.035
138,-80,-8.75
138,-80.2,-7.4608
138,-81.6,2.2293
138,-81.8,-4.3288
138,-82,-11.245
138,-82.6,-6.8208
138,-83,-15.254
138,-83.6,-14.326
138,-84.4,-2.0084
138,-84.6,-3.1867
138,-85.8,-13.643
138,-86,1.1252
138,-86.6,-5.4972
139,-71.6,-38.788
139,-72,-38.956
139,-73.8,-25.956
139,-74,-28.156
139,-74.2,-31.911
139,-74.6,-26.958
139,-77.8,-17.103
139,-78,-4.6527
139,-79,-13.555
139,-79.4,-5.9519
139,-79.6,-12.602
139,-82,-5.8859
139,-83.6,-7.4516
139,-84.2,-8.0225
139,-85.6,-1.8012
139,-86.8,1.5757
140,-70.6,-50.019
140,-70.8,-41.057
140,-71,-49.939
140,-71.2,-43.549
140,-71.4,-44.783
140,-72,-29.703
140,-73,-44.115
140,-73.8,-20.096
140,-74,-31.328
140,-74.2,-17.967
140,-74.6,-21.873
140,-74.8,-15.97
140,-75.8,-9.1491
140,-78.4,-3.4403
140,-80.2,-7.675
140,-80.4,-3.7404
140,-81.4,-12.907
140,-83.6,-9.6734
140,-84,-9.6505
140,-85.8,-9.2077
140,-87.4,2.8688
141,-69.8,-43.622
141,-70,-50.743
141,-70.2,-49.262
141,-70.4,-42.462
141,-70.6,-47.719
141,-71.6,-34.216
141,-71.8,-38.869
141,-73.2,-46.206
141,-73.4,-25.324
141,-73.6,-25.925
141,-74,-13.476
141,-74.8,-26.657
141,-75.4,-22.471
141,-75.6,-17.574
141,-77.6,-16.878
141,-77.8,-9.005
141,-78,-14.521
141,-79.6,-7.8205
141,-81.4,-17.949
141,-85.4,-3.522
141,-86,-12.398
141,-86.4,-8.1341
141,-86.8,-14.42
141,-87.8,0.94011
142,-69.2,-56.369
142,-69.4,-61.904
142,-69.6,-54.811
142,-69.8,-42.061
142,-70,-54.678
142,-70.2,-41.002
142,-70.4,-59.392
142,-73.4,-41.581
142,-73.8,-23.764
142,-74,-28.321
142,-74.2,-28.896
142,-74.8,-17.8
142,-75,-23.438
142,-76.2,-17.058
142,-77,-5.1355
142,-78.4,-9.9066
142,-80.2,-3.636
142,-80.6,-16.07
142,-81,-10.05
142,-81.4,-8.8145
142,-86,-8.2088
142,-86.2,-7.4719
142,-87.4,-4.8546
142,-87.6,-2.3925
142,-87.8,-7.4155
143,-68.4,-55.291
143,-68.6,-49.948
143,-68.8,-42.778
143,-69,-49.784
143,-69.2,-59.461
143,-69.4,-47.778
143,-69.6,-48.006
143,-69.8,-46.444
143,-70,-44.435
143,-70.2,-56.16
143,-72.2,-42.305
143,-72.6,-36.817
143,-73.8,-27.013
143,-74.2,-23.517
143,-75.8,-15.092
143,-76.8,-13.27
143,-78.2,-17.639
143,-78.4,-9.2358
143,-79.2,-10.607
143,-80.2,4.3047
143,-82,-16.225
143,-86,-7.3677
143,-86.4,-10.525
143,-86.6,1.3659
143,-86.8,-15.01
143,-87,-15.037
143,-87.2,-19.004
143,-87.4,-3.2088
143,-87.8,-6.8839
144,-68.4,-49.648
144,-69.8,-47.989
144,-71.2,-49.777
144,-71.4,-50.918
144,-73,-35.899
144,-73.2,-37.995
144,-74,-33.142
144,-75.2,-26.904
144,-75.4,-26.371
144,-77,-19.609
144,-79,-16.743
144,-81.6,-8.6127
145,-67.8,-62.747
145,-69.4,-41.488
145,-70.2,-48.862
145,-71,-58.02
145,-71.2,-50.432
145,-72,-48.461
145,-72.6,-30.557
145,-73.2,-33.502
145,-76.6,-11.363
145,-76.8,-24.175
145,-83.6,-17.646
146,-67,-57.519
146,-67.8,-48.573
146,-68.2,-57.559
146,-69.4,-47.28
146,-70.8,-58.703
146,-71.4,-55.165
146,-71.8,-35.78
146,-73.4,-36.801
146,-73.8,-32.168
146,-74,-25.36
146,-74.2,-28.26
146,-79.4,-7.3898
146,-80.2,-7.5428
146,-83.6,-7.668
146,-86,-14.713
147,-67.4,-60.224
147,-68.2,-54.174
147,-68.4,-53.589
147,-69.6,-51.892
147,-70.4,-45.319
147,-70.8,-54.952
147,-71.4,-53.284
147,-71.6,-43.226
147,-72.2,-41.21
147,-72.6,-48.843
147,-77.2,-17.4
147,-81.8,4.9116
147,-85.8,-9.0271
148,-65.2,-49.556
148,-65.8,-44.915
148,-66.4,-49.247
148,-66.6,-46.345
148,-68,-47.551
148,-68.2,-48.003
148,-70.4,-49.645
148,-71.2,-55.544
148,-71.8,-53.046
148,-72.8,-37.235
148,-73.2,-30.721
148,-74.6,-27.284
148,-75.4,-29.306
148,-76.2,-24.279
148,-76.6,-14.306
148,-78.4,-3.6256
148,-79.2,-1.8523
148,-80.6,-13.235
149,-64.6,-49.608
149,-64.8,-42.62
149,-65,-43.941
149,-65.4,-55.006
149,-65.6,-47.211
149,-66.2,-49.746
149,-66.8,-40.58
149,-67.2,-46.059
149,-67.8,-41.144
149,-68.2,-53.24
149,-68.4,-53.476
149,-69.2,-47.43
149,-69.8,-53.235
149,-70.2,-37.895
149,-75.6,-24.492
149,-78.4,-2.3733
149,-84.8,1.9018
150,-64,-45.351
150,-64.2,-43.431
150,-64.4,-40.675
150,-64.6,-33.305
150,-64.8,-40.314
150,-65,-37.251
150,-66.8,-42.763
150,-67,-36.403
150,-67.8,-51.146
150,-68.8,-48.967
150,-70.6,-51.229
150,-71.2,-49.991
150,-71.6,-56.322
150,-73.4,-31.09
150,-76.2,-8.1831
150,-76.8,-8.1976
150,-78.4,-8.6844
150,-79.2,3.2398
150,-79.6,-11.384
150,-81.2,-4.1058
150,-83.6,-10.342
150,-87.2,-9.8135
151,-63.4,-32.051
151,-63.6,-34.857
151,-63.8,-42.454
151,-64,-37.955
151,-64.2,-27.948
151,-64.4,-34.573
151,-64.6,-26.264
151,-64.8,-36.961
151,-65,-30.955
151,-65.6,-27.443
151,-66,-25.861
151,-67,-36.635
151,-68,-47.637
151,-69,-42.186
151,-69.2,-56.326
151,-69.4,-37.923
151,-70.4,-45.775
151,-70.8,-49.307
151,-73,-39.209
151,-74,-23.469
151,-74.4,-17.336
151,-74.6,-24.47
151,-75,-20.79
151,-75.2,-18.264
151,-76.4,-9.1005
151,-76.6,-15.424
151,-76.8,-0.74167
151,-79.6,-6.5174
151,-81.4,3.9125
151,-83.6,-9.3981
151,-85.2,-6.9721
152,-62.8,-22.246
152,-63,-19.298
152,-63.2,-26.818
152,-63.4,-24.796
152,-63.6,-23.543
152,-63.8,-21.937
152,-64,-17.993
152,-64.2,-26.612
152,-64.4,-32.049
152,-65.2,-14.741
152,-67.2,-26.581
152,-67.8,-28.356
152,-68,-30.632
152,-68.2,-32.108
152,-69,-50.082
152,-70.2,-46.252
152,-71,-52.005
152,-71.2,-46.679
152,-71.6,-43.964
152,-72.6,-39.292
152,-73,-34.321
152,-75.8,-9.8772
152,-77.6,-0.40173
152,-78.4,-4.3065
152,-79.2,-3.0844
152,-79.6,-0.60729
152,-81,4.753
153,-62.2,-14.768
153,-62.8,-12.002
153,-63.2,-12.945
153,-63.4,-21.459
153,-63.6,-11.527
153,-64.6,-6.2596
153,-66.2,-14.813
153,-68,-23.284
153,-68.2,-29.227
153,-70.2,-54.891
153,-70.6,-54.97
153,-71,-48.281
153,-71.6,-49.24
153,-74.4,-20.329
153,-74.8,-21.447
153,-75.6,-16.476
153,-76.2,-9.2293
153,-76.6,7.4469
153,-77.6,-4.9143
153,-77.8,5.9924
153,-79.2,11.222
153,-80.4,-2.4559
153,-82.2,-5.8559
153,-82.4,-1.6663
154,-62,0.99553
154,-62.8,-1.2188
154,-63,-8.6054
154,-63.2,-15.827
154,-64.6,-13.131
154,-65.6,-3.5771
154,-66.2,-0.43778
154,-66.4,-6.5743
154,-67.2,-14.117
154,-67.4,-14.737
154,-67.6,-20.76
154,-68,-16.83
154,-69.6,-31.524
154,-69.8,-40.673
154,-70.8,-42.383
154,-71.4,-45.291
154,-71.8,-48.02
154,-72.2,-34.295
154,-74.4,-18.199
154,-74.8,-14.099
154,-76,-11.566
154,-79.6,3.3228
154,-82.8,-5.7374
154,-84.4,-16.982
154,-87.8,-8.8699
155,-62.4,-2.2871
155,-62.8,-2.4516
155,-63,-1.0796
155,-63.6,3.6976
155,-65.8,-6.695
155,-66,8.9377
155,-67,-12.84
155,-67.8,-22.141
155,-69.8,-33.073
155,-71.6,-34.171
155,-72,-38.455
155,-72.2,-37.927
155,-73.4,-23.169
155,-75.2,-2.5419
155,-79,9.0372
155,-79.2,0.46636
155,-85.2,-8.9548
156,-60.6,27.016
156,-61.2,19.297
156,-61.4,11.96
156,-61.6,25.004
156,-62,9.427
156,-62.2,3.1253
156,-62.6,5.9335
156,-63.8,7.8704
156,-64.2,15.206
156,-67,0.49924
156,-67.2,2.1444
156,-68.8,-24.442
156,-70.2,-35.483
156,-71,-32.104
156,-71.2,-47.743
156,-72.2,-38.17
156,-73.4,-17.779
156,-75.4,2.3707
156,-76.2,-3.4287
156,-76.8,6.1708
156,-81.4,-0.30137
156,-84.8,-15.008
156,-86.4,-9.7758
157,-60.2,35.164
157,-60.4,22.983
157,-60.6,32.274
157,-61,24.18
157,-61.4,27.117
157,-61.8,27.219
157,-62,24.216
157,-63,29.276
157,-63.8,7.9275
157,-64,25.485
157,-65.8,19.231
157,-66.6,14.305
157,-66.8,4.6724
157,-67.2,0.87263
157,-67.6,-8.0215
157,-68.6,-30.532
157,-69,-23.372
157,-69.6,-29.751
157,-72,-33.283
157,-72.4,-31.027
157,-72.8,-32.391
157,-73.8,-14.451
157,-74.8,4.0392
157,-75,0.78789
157,-76,13.705
157,-76.2,17.298
157,-77,15.568
157,-77.8,18.538
157,-78,22.506
157,-80.6,13.115
157,-80.8,9.1026
157,-85.6,0.80554
158,-59.8,49.335
158,-60,47.279
158,-60.2,55.158
158,-60.6,45.632
158,-60.8,43.223
158,-61,44.086
158,-61.6,30.208
158,-62.2,33.992
158,-63.8,28.581
158,-64.2,17.419
158,-65.4,17.998
158,-65.8,21.466
158,-66.2,9.2352
158,-67,4.1642
158,-68.8,-24.878
158,-70.4,-30.939
158,-71.6,-40.432
158,-72.2,-34.267
158,-74.6,-5.7122
158,-77,18.577
158,-77.6,21.92
158,-79.2,13.356
158,-82.2,-13.703
158,-83,-3.3264
158,-85,-12.406
158,-86,-9.7257
158,-88.6,7.4663
159,-59.2,43.562
159,-59.4,67.718
159,-59.8,67.607
159,-60.2,72.202
159,-60.4,50.469
159,-60.6,64.491
159,-60.8,55.756
159,-61,40.133
159,-61.2,48.604
159,-61.4,42.355
159,-62,32.625
159,-63.6,33.084
159,-64.2,36.567
159,-64.4,33.195
159,-64.6,27.145
159,-65.4,22.353
159,-65.6,26.384
159,-65.8,24.37
159,-66.4,27.691
159,-67.4,6.2293
159,-67.6,6.945
159,-68,-11.68
159,-68.4,-2.7153
159,-68.8,-19.468
159,-69.2,-27.069
159,-69.4,-23.298
159,-69.8,-37.914
159,-70.2,-44.669
159,-72,-37.403
159,-73.4,-13.064
159,-74.4,-2.0629
159,-75.8,27.961
159,-78.8,21.644
159,-79,15.151
159,-80.6,12.141
159,-82.4,-8.0158
159,-84,-12.661
159,-84.8,-14.003
160,-59.4,65.807
160,-59.6,66.131
160,-59.8,55.591
160,-60,81.287
160,-60.2,69.195
160,-60.8,63.76
160,-61,51.487
160,-61.2,63.968
160,-61.4,55.034
160,-62.2,41.216
160,-62.4,44.783
160,-63.2,39.18
160,-63.8,38.164
160,-64,37.876
160,-64.6,34.093
160,-66,20.136
160,-66.8,20.988
160,-67.6,2.3159
160,-67.8,8.8201
160,-69.4,-33.322
160,-69.8,-39.016
160,-70,-35.299
160,-70.6,-47.586
160,-71.2,-39.964
160,-71.6,-41.506
160,-72.8,-25.12
160,-75.2,12.2
160,-75.8,19.536
160,-78,21.851
161,-58.4,46.767
161,-58.6,54.615
161,-59.6,103.14
161,-61.2,65.119
161,-62.8,65.067
161,-63.6,42.097
161,-64.8,31.598
161,-65,56.274
161,-65.2,45.517
161,-66.4,22.456
161,-66.8,23.301
161,-67.8,4.272
161,-68,-6.0713
161,-68.4,-13.508
161,-69.6,-41.9
161,-72,-31
161,-72.2,-30.399
161,-72.6,-31.189
161,-74.6,10.575
161,-74.8,19.818
161,-75.2,23.473
161,-76.2,35.692
161,-80.4,24.486
161,-84.8,-15.394
162,-57.8,39.973
162,-58,55.916
162,-59.2,91.82
162,-59.6,91.062
162,-60,86.825
162,-60.2,94.227
162,-62.8,58.276
162,-63,70.02
162,-63.4,72.914
162,-64,47.662
162,-64.6,46.708
162,-65,48.447
162,-65.4,42.621
162,-66.2,23.122
162,-66.4,26.151
162,-66.6,26.498
162,-67.4,-3.6918
162,-68.4,-21.609
162,-68.6,-26.267
162,-68.8,-24.554
162,-71,-48.875
162,-71.2,-55.097
162,-72.8,-34.748
162,-73.2,-24.294
162,-74.2,-3.3603
162,-75,19.646
162,-75.8,48.262
162,-76.8,39.491
162,-77,52.765
162,-78,44.755
162,-80.8,18.037
162,-83.8,1.8007
162,-84.2,-16.439
162,-84.6,-8.7011
162,-85.6,-14.477
163,-57.2,21.415
163,-57.4,31.091
163,-57.6,42.792
163,-57.8,46.088
163,-58,37.795
163,-59.2,83.192
163,-59.8,100.75
163,-60,102.69
163,-61.6,89.926
163,-62,85.417
163,-62.2,81.389
163,-63.2,83.471
163,-63.8,77.185
163,-64,62.779
163,-64.2,73.568
163,-64.4,54.721
163,-68,-1.9782
163,-68.2,-19.572
163,-68.8,-31.726
163,-69,-37.652
163,-69.4,-49.088
163,-69.6,-44.904
163,-70.4,-57.516
163,-72.2,-47.862
163,-73,-25.31
163,-73.2,-25.031
163,-73.4,-10.467
163,-74.4,15.573
163,-75.2,25.125
163,-75.4,29.06
163,-76.6,40.061
163,-76.8,36.277
163,-77.8,52.5
163,-79.2,30.581
163,-81.6,4.4049
163,-83.8,-12.239
164,-56.8,-4.5874
164,-57,9.1923
164,-57.2,28.588
164,-57.4,39.153
164,-57.6,54.551
164,-57.8,45.538
164,-58,74.318
164,-58.2,64.434
164,-59,78.92
164,-59.8,103.72
164,-60.4,103.07
164,-60.6,106.41
164,-63,89.293
164,-63.4,82.894
164,-63.6,85.093
164,-64,70.23
164,-64.2,78.342
164,-65,55.284
164,-67.6,-11.645
164,-69.2,-39.331
164,-70.2,-57.357
164,-72.2,-43.409
164,-74.2,18.738
164,-74.6,28.869
164,-74.8,25.374
164,-75.4,47.842
164,-78,38.077
164,-78.2,57.517
164,-79.8,36.074
164,-82,1.6127
164,-82.6,-2.3864
165,-56.4,-24.483
165,-56.6,-15.253
165,-57,8.8554
165,-57.2,28.592
165,-57.4,19.368
165,-57.6,35.27
165,-57.8,38.962
165,-58,52.489
165,-58.2,56.592
165,-58.4,62.442
165,-59.2,78.589
165,-59.4,122.61
165,-60,137.13
165,-60.8,97.873
165,-62,101.51
165,-63.6,89.775
165,-64,85.821
165,-64.8,68.416
165,-65.4,68.723
165,-66,43.727
165,-66.6,25.235
165,-67.2,9.9746
165,-68.2,-30.744
165,-68.8,-45.582
165,-69,-41.422
165,-70,-66.909
165,-70.6,-56.831
165,-70.8,-66.407
165,-71.4,-58.683
165,-73.2,-20.926
165,-73.4,-23.065
165,-73.8,-9.3516
165,-75.2,31.649
165,-79,37.736
165,-87.6,-3.2162
166,-56.2,-47.385
166,-57.4,10.811
166,-57.6,31.503
166,-57.8,39.313
166,-58,56.986
166,-58.4,87.959
166,-59,100.73
166,-59.2,124.75
166,-61.2,150.05
166,-61.4,136.65
166,-62,111.76
166,-62.4,131.9
166,-62.8,103.72
166,-65.6,53.765
166,-69.8,-56.54
166,-71.2,-74.463
166,-71.8,-54.017
166,-73,-25.414
166,-74,8.3839
166,-74.6,34.037
166,-77,71.73
166,-77.8,60.889
166,-78.6,61.687
166,-83.8,-6.6115
167,-55.8,-69.211
167,-56,-65.462
167,-56.2,-51.288
167,-57,-8.6114
167,-57.2,17.988
167,-57.4,25.754
167,-58.2,56.008
167,-58.8,106.71
167,-59,92.803
167,-59.4,121.82
167,-59.6,113.95
167,-59.8,111.43
167,-60.4,97.269
167,-60.6,125.63
167,-61,137.23
167,-61.2,116.91
167,-61.4,115.62
167,-61.6,108.45
167,-62.4,111.46
167,-62.8,106.69
167,-63.2,121.23
167,-63.4,93.738
167,-63.8,100.07
167,-64.2,93.21
167,-66.4,39.874
167,-67.4,-2.8239
167,-68,-20.935
167,-68.8,-50.878
167,-69.6,-75.064
167,-69.8,-76.635
167,-71.6,-53.833
167,-72.4,-45.133
167,-74.2,15.323
167,-74.6,26.307
167,-75.4,46.053
167,-75.8,49.937
167,-76.2,78.267
167,-77.6,69.625
168,-55.6,-96.741
168,-55.8,-81.599
168,-56,-65.052
168,-56.2,-58.427
168,-56.4,-50.877
168,-56.8,-10.982
168,-57.2,7.9613
168,-57.4,15.164
168,-57.8,33.845
168,-59.2,94.487
168,-59.4,119.9
168,-59.6,106.45
168,-59.8,101.07
168,-60,140.82
168,-60.2,111.05
168,-61,143.43
168,-61.6,120.3
168,-62.6,106.25
168,-63.2,128.39
168,-64,93.515
168,-64.2,103.71
168,-66.8,33.003
168,-67.6,-12.612
168,-73.2,-24.214
168,-78.6,68.027
168,-78.8,48.756
168,-79.2,49.061
168,-81.6,7.9593
168,-85.6,-10.725
169,-55,-133.14
169,-55.2,-138.3
169,-55.4,-108.81
169,-56,-72.074
169,-56.4,-52.368
169,-57.2,-1.7972
169,-58.4,57.312
169,-59.4,81.177
169,-59.6,106.28
169,-60.8,144.79
169,-62,123.35
169,-62.4,134.05
169,-63.4,118.88
169,-64.4,86.619
169,-64.8,97.965
169,-65.8,74.855
169,-66.8,25.425
169,-67,28.494
169,-68.4,-40.903
169,-68.6,-66.564
169,-69.6,-54.545
169,-70,-70.117
169,-70.8,-97.847
169,-71.2,-78.157
169,-71.8,-56.843
169,-72.4,-50.229
169,-74.2,23.818
169,-74.8,37.274
169,-76,67.461
169,-76.4,82.401
169,-78.8,67.711
169,-80,46.502
170,-54.4,-180.39
170,-54.6,-144.57
170,-54.8,-138.36
170,-55,-141.7
170,-55.2,-141.36
170,-55.6,-98.319
170,-56.8,-33.879
170,-57,-28.492
170,-57.2,2.6929
170,-58,42.254
170,-58.4,73.451
170,-59,72.534
170,-60,105.76
170,-60.8,107.8
170,-62,108.79
170,-62.2,120.51
170,-62.6,123.05
170,-63,133.16
170,-65.2,90.242
170,-67.8,-11.047
170,-68.4,-32.619
170,-68.6,-42.745
170,-69.2,-40.978
170,-70.4,-97.447
170,-71.6,-67.395
170,-72.8,-34.985
170,-73.2,-11.85
170,-73.6,0.62291
170,-73.8,8.8483
170,-75.6,82.096
170,-78.2,95.598
170,-82.2,-0.7176
170,-82.6,10.901
170,-84.4,-14.283
170,-85,-11.292
170,-87.4,-3.5684
170,-88,-0.48796
171,-54.2,-152.21
171,-54.4,-181.44
171,-54.6,-149.84
171,-54.8,-164.87
171,-55,-132.13
171,-55.4,-120.24
171,-56.8,-48.908
171,-57.6,7.7539
171,-61.6,128.85
171,-62,131.59
171,-62.4,137.5
171,-62.6,126.95
171,-62.8,121.36
171,-64,119.65
171,-64.8,95.628
171,-65,104.98
171,-67,32.219
171,-67.4,15.615
171,-67.8,-14.01
171,-68.2,-36.938
171,-68.6,-27.547
171,-71,-81.765
171,-71.2,-61.683
171,-71.6,-49.366
171,-71.8,-69.164
171,-73.6,2.1148
171,-75.2,45.61
171,-76.8,83.464
171,-80,51.223
171,-81.4,17.059
172,-53.8,-177.73
172,-54,-191.72
172,-54.2,-189.55
172,-54.4,-187.2
172,-54.6,-164.45
172,-54.8,-200.39
172,-55.2,-153.11
172,-56,-112.25
172,-56.2,-81.848
172,-56.4,-74.124
172,-57.4,-20.21
172,-58.8,60.701
172,-59,77.194
172,-60,103.41
172,-60.6,115.06
172,-61.2,114.63
172,-61.6,117.24
172,-62.8,124.72
172,-63,99.709
172,-66.2,67.64
172,-66.4,62.953
172,-68,-14.246
172,-69,-55.386
172,-69.8,-94.025
172,-71.2,-98.875
172,-71.4,-73.204
172,-73,-21.743
172,-75.2,63.274
172,-75.8,82.863
172,-78.4,104.2
172,-81.8,6.9563
173,-53.4,-218.55
173,-53.6,-200.88
173,-53.8,-213.14
173,-54.4,-178.19
173,-55,-180.82
173,-57.4,-23.385
173,-58.2,23.474
173,-58.6,34.74
173,-59.2,92.207
173,-60,105.8
173,-62,114.7
173,-62.4,108.42
173,-62.8,114.64
173,-63.4,122.84
173,-63.6,136.52
173,-63.8,103.48
173,-64,110.24
173,-65,93.294
173,-66,75.599
173,-66.2,61.203
173,-67.6,10.752
173,-67.8,3.6322
173,-68.6,-35.802
173,-68.8,-50.548
173,-71,-69.132
173,-71.8,-46.32
173,-72.2,-48.513
173,-74,8.0439
173,-74.8,46.207
173,-76.8,90.559
173,-79.2,80.902
173,-79.4,57.003
173,-81,24.796
173,-82.6,3.7064
173,-83.4,-5.5485
173,-84.4,-16.05
174,-55,-217.68
174,-55.2,-192.81
174,-55.8,-125.67
174,-57,-69.621
174,-57.6,-14.507
174,-58,2.9873
174,-59.8,69.344
174,-60.2,81.45
174,-61.6,100.36
174,-62.6,121.84
174,-63,114.33
174,-64.4,121.13
174,-64.6,118.18
174,-64.8,126.43
174,-65.6,110.63
174,-68.2,2.812
174,-68.4,-7.5533
174,-69,-39.246
174,-71,-65.461
174,-71.6,-69.065
174,-71.8,-69.787
174,-73.8,-7.3432
174,-74.8,49.443
174,-75,38.598
174,-78.8,86.19
174,-79.6,62.261
174,-80.4,41.599
174,-80.6,52.179
174,-81,33.849
174,-82.2,8.823
174,-85,1.1635
175,-53.2,-233.44
175,-53.4,-236.65
175,-53.6,-238.99
175,-54.4,-214.75
175,-55,-211.96
175,-55.4,-180.24
175,-55.6,-167.33
175,-56,-169.26
175,-56.4,-137.53
175,-57.4,-49.881
175,-57.8,-19.558
175,-59.6,66.037
175,-62.2,103.51
175,-63,117.35
175,-64.2,105.06
175,-64.6,122.99
175,-65.4,109.01
175,-68.6,-20.757
175,-69.4,-52.873
175,-69.6,-46.993
175,-69.8,-46.272
175,-72.2,-35.476
175,-73,-34.885
175,-77,92.115
175,-78,84.951
175,-80,61.472
175,-80.2,60.483
175,-80.8,39.457
175,-81.4,34.113
175,-83,-4.5696
175,-85.4,-6.8658
175,-86,-7.6961
176,-52.6,-250.29
176,-55.4,-179.11
176,-56.2,-155.97
176,-56.8,-99.688
176,-57.6,-42.481
176,-58,-10.946
176,-59.4,56.013
176,-59.6,66.185
176,-62,111.14
176,-62.8,111.35
176,-63.2,101.2
176,-63.6,129.61
176,-64.4,113.22
176,-65.4,132.98
176,-66.4,87.039
176,-66.8,74.833
176,-67.4,50.996
176,-69.8,-61.887
176,-70,-55.468
176,-70.4,-46.517
176,-70.6,-49.952
176,-71.2,-59.604
176,-73.4,0.91066
176,-73.6,-4.4172
176,-74.2,24.853
176,-74.8,48.929
176,-75.6,59.934
176,-77,104.11
176,-77.4,117.91
176,-78.8,99.712
176,-79.8,66.543
176,-80.8,49.033
176,-81.8,6.7964
177,-52.8,-300.34
177,-53.2,-247.65
177,-53.4,-274.7
177,-53.8,-287.37
177,-54.4,-256.92
177,-54.6,-292.83
177,-55.8,-193.6
177,-56,-172.17
177,-56.6,-122.44
177,-56.8,-105.53
177,-58.2,-4.8587
177,-59.2,46.039
177,-60.2,81.326
177,-60.4,88.832
177,-61,99.375
177,-61.8,101.24
177,-62.8,119.68
177,-63.4,120.87
177,-64.2,117.46
177,-64.6,119.31
177,-65.6,126.42
177,-65.8,105.73
177,-67,51.046
177,-68.4,12.957
177,-68.8,-6.0108
177,-72.2,-42.315
177,-73,-33.355
177,-74.6,35.151
177,-75,58.859
177,-75.8,71.283
177,-77.8,105.37
177,-79.2,68.573
177,-79.4,76.369
177,-82.4,8.8457
178,-52,-255.46
178,-52.2,-273.6
178,-52.8,-239.73
178,-53.6,-299.48
178,-53.8,-251.02
178,-54.2,-302.7
178,-54.4,-280.47
178,-54.6,-260.84
178,-55,-220.03
178,-56.2,-172.64
178,-56.6,-123.15
178,-57.6,-49.032
178,-58.4,14.006
178,-59.2,39.404
178,-59.8,64.671
178,-60,67.619
178,-60.8,95.909
178,-61.4,107.81
178,-61.6,112.81
178,-61.8,105.92
178,-62.2,104.44
178,-62.6,110.25
178,-62.8,103.09
178,-63,112.77
178,-63.6,139.89
178,-63.8,119.71
178,-64.2,115.97
178,-65.6,103.56
178,-69,-4.3462
178,-69.4,-22.749
178,-70,-42.174
178,-70.2,-38.567
178,-70.8,-42.679
178,-72.8,-27.116
178,-75,54.477
178,-76.4,116.52
178,-77.4,101.72
178,-77.8,104.57
178,-79.6,70.46
178,-82.4,19.551
178,-84.2,-4.1736
178,-88.8,-0.55457
179,-53.2,-306.9
179,-53.8,-265.62
179,-54.4,-228.76
179,-54.8,-239.58
179,-57.8,-23.556
179,-59,40.754
179,-59.2,45.009
179,-60.2,91.456
179,-60.8,97.304
179,-61.4,86.119
179,-61.6,125.26
179,-62.8,115.92
179,-63.2,120.46
179,-63.8,134.54
179,-64.2,137.6
179,-65.4,109.18
179,-65.8,93.647
179,-66,102.56
179,-66.4,112.22
179,-67.4,58.859
179,-68.2,25.361
179,-68.4,18.766
179,-68.6,2.9824
179,-69.2,-13.009
179,-69.8,-42.033
179,-70.8,-36.743
179,-71,-32.165
179,-74.8,45.059
179,-76,113.79
179,-78.8,89.903
179,-79,110.74
179,-83.4,-7.0912
180,-51.6,-280.33
180,-52.8,-263.01
180,-53,-272.83
180,-53.2,-245.48
180,-53.8,-293.52
180,-54,-224.15
180,-54.2,-274.33
180,-54.6,-230.43
180,-55.6,-175.2
180,-57.2,-67.398
180,-57.6,-44.207
180,-60.6,77.129
180,-61.6,118.96
180,-61.8,113.4
180,-63.6,127.3
180,-64.6,135.55
180,-64.8,132.56
180,-66.4,86.857
180,-67.6,64.325
180,-68.2,38.267
180,-68.4,22.413
180,-69.2,-1.7556
180,-69.4,-10.043
180,-74.4,24.958
180,-74.6,44.528
180,-77,120.58
180,-78.6,109.97
180,-79.2,101.4
180,-80.2,67.001
180,-81.8,27.867
180,-83.2,6.1269
180,-85,0.71691
180,-86,-4.8654
181,-51.2,-234.12
181,-52.8,-249.88
181,-53.2,-279.52
181,-53.8,-252.38
181,-54.2,-245.22
181,-55.8,-152.4
181,-57.6,-34.546
181,-58,-1.8705
181,-58.6,18.606
181,-59,36.873
181,-59.4,59.24
181,-59.6,73.532
181,-60,88.278
181,-61,93.977
181,-62,111.43
181,-63.4,136.07
181,-64.6,118.03
181,-64.8,125.52
181,-65.4,140.08
181,-65.8,103.98
181,-66.2,75.968
181,-67.4,79.184
181,-67.6,52.849
181,-69,9.8693
181,-69.4,-10.291
181,-69.8,-14.596
181,-71,-37.677
181,-72,-25.646
181,-72.8,-11.103
181,-73,-1.1647
181,-73.4,-11.263
181,-73.6,-1.8462
181,-74.4,31.832
181,-75.6,92.175
181,-76.2,101.09
181,-76.8,105.86
181,-82,18.679
181,-82.4,8.307
181,-87.4,-6.2967
182,-51,-186.99
182,-51.4,-222.86
182,-52,-242.46
182,-52.2,-220.77
182,-52.6,-261.13
182,-53.2,-230.25
182,-54.4,-201.28
182,-54.8,-212.17
182,-55.4,-160.04
182,-55.8,-140.6
182,-56,-114.33
182,-56.2,-111.67
182,-56.8,-78.408
182,-57.2,-60.094
182,-57.4,-44.7
182,-57.8,-14.055
182,-58,-10.227
182,-59.4,57.001
182,-60,77.014
182,-60.4,99.053
182,-60.8,93.728
182,-61.2,96.703
182,-61.4,114.48
182,-61.8,116.41
182,-62.6,121.01
182,-63,117.85
182,-63.2,127.36
182,-64.2,117.95
182,-66,83.301
182,-66.2,111.57
182,-66.4,85.538
182,-66.6,84.698
182,-67.2,74.576
182,-67.4,50.018
182,-68.8,8.787
182,-69,8.4728
182,-69.2,-6.6527
182,-69.6,-7.8875
182,-70.8,-32.905
182,-72,-30.613
182,-73.2,-1.4202
182,-73.8,9.2239
182,-75.4,87.724
182,-76.2,85.499
182,-77,124.01
182,-81.8,20.936
182,-85.2,-8.3307
182,-88.2,-2.4535
182,-88.4,-9.2613
183,-50.8,-178.75
183,-51,-168.62
183,-51.2,-191.27
183,-51.8,-182.54
183,-52,-173.98
183,-52.2,-202.35
183,-52.8,-183.93
183,-53.2,-226.25
183,-53.6,-188.01
183,-54.2,-217.97
183,-55,-149.18
183,-55.4,-138.22
183,-55.6,-147.46
183,-55.8,-113.26
183,-56,-98.703
183,-56.4,-87.128
183,-56.8,-73.09
183,-57.8,-13.248
183,-59.2,39.354
183,-59.8,71.615
183,-60.2,72.311
183,-61,84.242
183,-61.4,99.609
183,-61.8,102.42
183,-62.6,118.19
183,-62.8,119.4
183,-63,127.95
183,-63.8,101.79
183,-64,135.08
183,-65,95.529
183,-65.8,110.72
183,-66,102.89
183,-66.4,75.119
183,-67.2,76.696
183,-67.4,57.49
183,-67.6,50.882
183,-68.2,30.739
183,-69.4,-1.2379
183,-70.6,-19.033
183,-70.8,-23.293
183,-71,-37.513
183,-71.6,-18.323
183,-72.4,-27.82
183,-73.2,-3.7173
183,-73.4,-1.5431
183,-74.4,28.877
183,-75.6,78.138
183,-81,40.254
184,-50.6,-111.87
184,-50.8,-124.38
184,-51.2,-138.49
184,-52.4,-179.2
184,-53,-191.41
184,-53.4,-190.02
184,-54.4,-155.25
184,-54.6,-139.45
184,-54.8,-145.04
184,-56.6,-58.395
184,-58.8,41.252
184,-59.2,52.676
184,-60.6,91.611
184,-61,92.716
184,-61.2,99.998
184,-63.2,123.9
184,-63.4,107.42
184,-67,63.118
184,-68.2,32.571
184,-68.4,10.554
184,-69.2,3.7977
184,-70.6,-12.717
184,-71,-23.457
184,-71.4,-27.065
184,-72.4,-16.529
184,-73,-5.6449
184,-78.6,113.2
184,-78.8,100.87
184,-80.2,57.397
184,-80.6,48.09
184,-81.2,39.076
184,-82,25.679
184,-83.2,0.89088
184,-83.6,7.5058
185,-50.4,-99.427
185,-50.6,-103.59
185,-50.8,-111.8
185,-51.2,-126.6
185,-51.6,-129.86
185,-52.8,-137.23
185,-53.4,-137.03
185,-54.4,-123.74
185,-55,-116.05
185,-56.2,-85.676
185,-57.6,-9.861
185,-58.2,10.635
185,-60.2,62.693
185,-60.6,69.158
185,-60.8,89.991
185,-62.4,93.701
185,-62.8,99.888
185,-63.4,104.58
185,-64,96.322
185,-65,72.712
185,-65.4,91.674
185,-66.2,65.87
185,-68.4,20.122
185,-68.6,24.198
185,-69,8.1461
185,-69.4,-4.5286
185,-70,-7.286
185,-70.8,-19.373
185,-71,-28.323
185,-72.4,-22.569
185,-73.6,9.9011
185,-75.2,62.855
185,-76.6,87.615
185,-77.6,112.98
185,-78.2,108.73
185,-78.8,114.99
185,-80.8,44.993
185,-81,58.104
185,-84.2,-1.3743
186,-50.2,-71.748
186,-50.4,-87.638
186,-50.8,-84.192
186,-51,-96.029
186,-51.4,-102.62
186,-52,-112.44
186,-52.2,-113.45
186,-53,-117.08
186,-53.4,-125.89
186,-54.2,-116.4
186,-54.6,-110.07
186,-54.8,-98.243
186,-55.6,-78.548
186,-55.8,-80.273
186,-56,-60.684
186,-56.2,-50.18
186,-56.4,-49.091
186,-58.2,22.422
186,-58.4,28.607
186,-59,31.328
186,-61.4,90.672
186,-63.4,93.566
186,-63.6,77.286
186,-64.2,85.715
186,-64.6,77.24
186,-65.4,77.747
186,-65.6,79.166
186,-66.2,56.115
186,-66.4,49.969
186,-66.6,52.899
186,-66.8,58.569
186,-67.2,41.273
186,-68.6,9.2853
186,-69.2,-3.6691
186,-70.6,-14.117
186,-71.2,-18.004
186,-71.4,-22.98
186,-71.6,-22.278
186,-72.2,-11.44
186,-72.4,-15.229
186,-73.2,0.77662
186,-74.8,52.304
186,-75,60.104
186,-75.6,87.586
186,-76.2,106.79
186,-76.4,80.558
186,-82.6,19.031
186,-82.8,7.6455
186,-85,-4.6621
187,-50.2,-53.997
187,-50.4,-64.527
187,-50.6,-60.878
187,-50.8,-62.617
187,-51.8,-95.067
187,-52.2,-86.25
187,-53,-91.392
187,-54.6,-83.799
187,-55,-76.568
187,-55.2,-86.139
187,-55.4,-83.103
187,-55.6,-72.224
187,-57.8,5.9016
187,-58.2,20.985
187,-58.4,25.46
187,-59.2,50.494
187,-59.6,53.313
187,-60,62.059
187,-61,69.141
187,-61.6,63.711
187,-62.8,76.94
187,-63,78.767
187,-63.2,71.773
187,-63.4,83.221
187,-63.6,76.86
187,-64.4,72.409
187,-64.6,67.498
187,-65.2,55.055
187,-66.2,47.979
187,-67.8,28.74
187,-68,20.667
187,-68.8,11.732
187,-69,9.7997
187,-69.2,-0.93663
187,-70,3.1481
187,-70.2,-8.7075
187,-70.6,-6.4086
187,-71.2,-15.395
187,-71.8,-0.69265
187,-73.8,4.0147
187,-74.2,17.806
187,-75,56.634
187,-75.4,64.574
187,-76,95.432
187,-78,130.76
187,-78.6,132.58
187,-78.8,91.492
187,-79.6,98.596
187,-86,4.6382
188,-50,-29.589
188,-50.2,-23.586
188,-50.4,-44.774
188,-50.6,-38.99
188,-50.8,-55.277
188,-51,-57.129
188,-51.6,-62.148
188,-51.8,-64.176
188,-53.2,-80.204
188,-55,-80.637
188,-55.4,-72.874
188,-56.6,-31.354
188,-57.4,-4.9191
188,-57.6,8.6117
188,-58.6,25.105
188,-59.2,33.885
188,-60.6,62.245
188,-61.6,69.993
188,-62,59.572
188,-62.6,70.912
188,-64,68.071
188,-64.4,68.968
188,-64.6,60.147
188,-65.4,52.242
188,-65.6,56.384
188,-66,54.564
188,-66.2,45.661
188,-67.4,21.899
188,-68.2,17.894
188,-70,-7.2176
188,-70.4,-17.914
188,-71,-13.373
188,-71.8,-11.704
188,-72,-21.361
188,-72.2,-17.886
188,-72.8,-4.351
188,-73,-5.6563
188,-73.4,22.888
188,-73.8,7.4888
188,-74.6,33.034
188,-75,46.191
188,-76.6,101.78
188,-77.4,104.44
188,-77.8,109.82
188,-80.8,40.883
188,-82.8,15.861
188,-84.4,-6.3343
188,-85.6,-8.1882
189,-49.8,-10.059
189,-50,-26.136
189,-50.2,-34.654
189,-50.4,-29.253
189,-50.8,-30.005
189,-51,-45.39
189,-51.4,-49.275
189,-52,-60.278
189,-52.4,-69.245
189,-53.6,-85.387
189,-53.8,-82.361
189,-54.4,-92.003
189,-54.6,-79.735
189,-55,-84.38
189,-55.6,-53.23
189,-56.8,-24.009
189,-57.8,24.451
189,-59.6,50.334
189,-60,54.411
189,-60.4,56.851
189,-61.2,59.583
189,-61.6,55.959
189,-62,66.048
189,-62.2,67.721
189,-63.2,60.905
189,-63.6,52.812
189,-64,58.007
189,-64.6,40.308
189,-65.4,51.381
189,-66,43.081
189,-66.2,36.617
189,-68.2,-4.3935
189,-68.4,4.0722
189,-69.2,-11.048
189,-69.6,-21.116
189,-70.2,-12.015
189,-71,-10.585
189,-71.6,-9.4222
189,-72.2,-12.881
189,-76,62.197
189,-78,103.44
189,-79.2,91.568
189,-82,19.594
189,-83.6,4.962
190,-49.6,-6.8447
190,-49.8,-11.906
190,-50,-14.557
190,-50.4,-16.609
190,-50.6,-30.061
190,-50.8,-17.856
190,-51.2,-35.89
190,-52.4,-54.823
190,-54.6,-75.245
190,-55.8,-53.159
190,-56.2,-51.18
190,-56.4,-24.287
190,-57.6,6.17
190,-58,22.483
190,-58.8,42.44
190,-59.8,46.629
190,-60.4,58.395
190,-60.8,50.526
190,-61.2,69.116
190,-62.4,54.071
190,-62.6,42.411
190,-63.2,37.051
190,-64,38.071
190,-64.4,43.304
190,-64.6,44.941
190,-64.8,41.46
190,-65.6,35.837
190,-66.8,30.38
190,-67,15.745
190,-67.6,12.613
190,-68.8,-0.57141
190,-72.8,-11.208
190,-73.2,7.9539
190,-73.4,-4.4132
190,-73.6,-0.072562
190,-74.4,30.28
190,-75.2,40.708
190,-75.4,58.981
190,-76.4,100.81
190,-79.8,93.367
190,-80,74.304
190,-80.8,65.289
190,-81,47.226
190,-82,21.34
190,-87.6,3.4831
190,-88.2,-4.0035
191,-49.6,13.35
191,-49.8,-4.859
191,-50,-8.7938
191,-50.2,-4.8937
191,-50.4,-22.256
191,-50.6,-21.187
191,-50.8,-29.046
191,-51,-31.013
191,-51.2,-28.724
191,-51.8,-50.096
191,-52.2,-57.651
191,-52.4,-63.91
191,-53.2,-88.116
191,-53.4,-78.55
191,-55,-90.019
191,-55.6,-53.515
191,-56.2,-45.01
191,-58.6,40.212
191,-59.2,52.553
191,-60.8,63.666
191,-63.6,36.529
191,-65,32.652
191,-66,21.297
191,-67.4,4.6876
191,-67.6,-1.919
191,-68.8,-4.0641
191,-69.2,-8.5255
191,-70,-3.2214
191,-70.4,-16.268
191,-70.6,-25.174
191,-72.2,-16.393
191,-73.6,-2.5172
191,-74,11.421
191,-74.4,24.999
191,-77,116.62
191,-82.4,24.025
191,-85.2,-6.8816
192,-49.8,-1.4495
192,-50,9.9069
192,-50.2,1.2536
192,-50.4,-6.3663
192,-50.6,-11.187
192,-51,-40.675
192,-51.4,-49.712
192,-52,-49.176
192,-52.6,-80.38
192,-52.8,-88.188
192,-53.6,-94.924
192,-54.4,-101.88
192,-54.6,-82.728
192,-55.2,-72.198
192,-55.6,-61.665
192,-57.6,15.181
192,-57.8,25.122
192,-58.4,52.147
192,-58.8,53.59
192,-59.8,56.049
192,-60.2,61.68
192,-61,59.359
192,-62,56.258
192,-62.6,50.948
192,-64.2,34.724
192,-64.4,34.921
192,-65,25.123
192,-65.2,32.157
192,-66,31.893
192,-67.4,4.84
192,-67.8,-3.3467
192,-69.4,-28.146
192,-69.8,-9.434
192,-71.2,-13.821
192,-71.4,-8.4421
192,-71.8,-34.299
192,-72.8,-13.211
192,-74.8,32.091
192,-75.2,51.385
192,-76.2,89.917
192,-77,115.8
192,-78.8,122.15
192,-79.2,94.953
192,-83.8,4.3225
192,-86.8,-11.196
193,-49.4,6.711
193,-49.8,10.234
193,-50,-1.097
193,-50.2,-15.887
193,-50.4,-28.543
193,-51.4,-47.491
193,-53,-97.446
193,-53.2,-113.36
193,-53.8,-94.34
193,-54.2,-110.37
193,-54.8,-101.9
193,-55.8,-47.946
193,-56.2,-39.012
193,-56.4,-25.388
193,-59.2,61.148
193,-60.2,68.578
193,-60.6,66.897
193,-60.8,60.159
193,-61,68.998
193,-61.6,63.573
193,-62.2,44.007
193,-63,49.414
193,-63.8,53.956
193,-65,33.398
193,-66,28.805
193,-67.2,14.185
193,-68.2,5.3904
193,-69,1.0357
193,-69.4,0.93191
193,-71.6,-33.216
193,-72.8,-6.1197
193,-74.4,23.481
193,-74.8,37.878
193,-75,36.739
193,-76.8,77.712
193,-77.2,104.16
193,-78.6,95.08
193,-79.6,84.792
193,-82.4,21.003
193,-83,15.891
193,-83.8,3.0041
193,-84.4,7.3942
194,-49.4,-2.4699
194,-49.6,-1.89
194,-49.8,-10.41
194,-50,-3.8252
194,-50.2,-16.756
194,-50.4,-8.4342
194,-50.6,-29.697
194,-50.8,-46.408
194,-51.4,-58.404
194,-52,-86.102
194,-53,-117.31
194,-56.2,-40.416
194,-56.4,-24.773
194,-56.6,-13.017
194,-57,3.3235
194,-59,81.845
194,-59.2,79.009
194,-59.6,83.5
194,-60.4,51.52
194,-60.8,70.547
194,-62.2,51.62
194,-62.8,55.555
194,-63.2,55.3
194,-63.4,45.723
194,-63.8,41.925
194,-64.4,37.872
194,-65,31.241
194,-65.2,27.133
194,-65.6,41.137
194,-66.4,20.247
194,-66.6,17.056
194,-67.2,17.822
194,-67.4,26.26
194,-67.6,21.456
194,-68.6,0.23786
194,-70.2,-16.472
194,-70.6,-24.245
194,-71,-23.41
194,-73,-7.5053
194,-74.2,15.321
194,-74.4,23.334
194,-75.8,62.421
195,-49.2,6.1937
195,-49.6,-15.049
195,-49.8,-19.215
195,-50,-23.355
195,-50.2,-30.953
195,-51,-68.319
195,-51.6,-84.704
195,-52.2,-98.267
195,-52.8,-94.536
195,-53.2,-115.21
195,-54.8,-82.467
195,-55,-103.55
195,-55.2,-81.892
195,-55.4,-91.675
195,-55.6,-74.419
195,-55.8,-48.545
195,-57.6,37.265
195,-57.8,44.196
195,-58.2,67.151
195,-58.4,50.19
195,-58.8,92.878
195,-59.2,78.967
195,-60,84.275
195,-60.2,95.99
195,-60.6,80.576
195,-61,80.718
195,-61.2,61.827
195,-61.6,65.688
195,-62.4,58.57
195,-62.6,59.603
195,-63.2,44.423
195,-64.2,33.223
195,-65.2,30.513
195,-66.2,20.081
195,-66.6,22.141
195,-67.2,17.61
195,-67.8,13.515
195,-68.4,8.2877
195,-69.6,-6.0282
195,-70.4,-14.757
195,-71.2,-17.783
195,-71.4,-12.004
195,-71.6,-22.486
195,-73.2,-1.7673
195,-73.6,4.0183
195,-74.2,14.534
195,-74.8,31.103
195,-76.6,81.774
195,-77.8,123.53
195,-78,106.15
195,-78.2,116.36
195,-83.6,-2.9755
195,-86,-2.8654
195,-87.4,-6.3464
196,-49.2,-10.197
196,-49.6,-33.853
196,-50,-39.492
196,-50.2,-48.29
196,-50.4,-58.387
196,-50.8,-72.685
196,-51.8,-111.99
196,-52,-111.17
196,-53,-117.77
196,-53.4,-133.56
196,-53.6,-142.45
196,-54,-137
196,-54.4,-115.4
196,-56.2,-35.071
196,-56.4,-15.986
196,-57,2.0497
196,-57.2,34.266
196,-57.6,46.538
196,-58,77.484
196,-59.2,85.457
196,-59.4,87.352
196,-59.6,68.58
196,-60.2,88.379
196,-61.2,65.295
196,-63.8,51.464
196,-64.2,49.918
196,-64.4,41.673
196,-65.2,30.094
196,-67,26.107
196,-69.4,-1.5586
196,-70,-19.572
196,-70.6,-26.405
196,-70.8,-15.934
196,-72.8,-14.332
196,-73,-0.056041
196,-74.6,30.046
196,-77.2,112.82
196,-79,82.057
196,-79.8,86.616
196,-80.2,71.687
196,-81.4,41.376
196,-82,33.981
197,-49.2,-15.667
197,-49.4,-32.328
197,-49.6,-37.559
197,-51,-99.594
197,-51.6,-113.28
197,-52,-150.39
197,-52.8,-165.36
197,-53.2,-172.17
197,-54,-135.46
197,-54.2,-150.52
197,-54.6,-129.43
197,-54.8,-109.31
197,-55,-97.825
197,-56.4,-14.928
197,-57.4,37.061
197,-58.2,83.864
197,-59.6,86.942
197,-60,78.936
197,-61.2,63.253
197,-61.6,81.048
197,-62.2,66.084
197,-62.6,73.321
197,-62.8,66.714
197,-63,65.018
197,-68.6,10.435
197,-69.2,1.6519
197,-70,-14.214
197,-70.2,-10.072
197,-70.4,-9.0458
197,-70.8,-19.339
197,-71.2,-33.449
197,-72,-14.693
197,-72.6,-20.502
197,-73,-16.281
197,-73.4,-0.57312
197,-74.6,31.959
197,-75.8,59.885
197,-85,4.5197
198,-49.2,-34.864
198,-49.4,-43.976
198,-49.6,-59.956
198,-50.8,-100.68
198,-52.8,-162.11
198,-53,-194.83
198,-53.8,-138.64
198,-55,-122.86
198,-55.4,-84.169
198,-56.2,-26.683
198,-56.4,-17.733
198,-58.8,107.97
198,-59,71.272
198,-59.4,85.673
198,-59.6,84.105
198,-61.2,76.291
198,-62.4,68.67
198,-63,63.662
198,-63.4,57.108
198,-65.8,44.411
198,-66.2,40.269
198,-67,19.231
198,-67.2,29.591
198,-70.6,-15.622
198,-70.8,-19.924
198,-71,-2.0043
198,-71.2,-19.924
198,-71.8,-18.69
198,-72.4,-13.554
198,-72.6,-2.0448
198,-76.4,96.879
198,-77,120.02
198,-77.2,92.815
198,-77.4,116.08
198,-79.8,79.083
198,-80,90.679
198,-80.2,68.538
198,-80.6,48.232
198,-81,54.885
198,-85.4,-5.7784
199,-49.2,-65.348
199,-49.4,-69.301
199,-49.6,-68.833
199,-49.8,-85.999
199,-50,-74.453
199,-50.2,-95.14
199,-51.2,-117.8
199,-51.4,-128.81
199,-53,-192.92
199,-53.4,-195.77
199,-54,-181.61
199,-54.2,-136.88
199,-54.6,-127.88
199,-54.8,-144.8
199,-56.4,-8.1323
199,-57.4,43.472
199,-58.4,86.719
199,-58.6,99.209
199,-60.4,101.76
199,-60.6,87.154
199,-61,77.695
199,-61.4,91.997
199,-62,93.354
199,-62.2,84.53
199,-62.6,79.146
199,-65.2,43.832
199,-65.6,51.765
199,-66,42.64
199,-66.8,34.185
199,-69.6,7.9561
199,-69.8,-4.6844
199,-72.4,-7.7816
199,-73.4,-1.7994
199,-74,-0.14148
199,-75.4,43.726
199,-75.6,61.303
199,-75.8,61.389
199,-76.4,89.013
199,-78.2,91.474
199,-80.2,61.097
199,-83.6,6.0218
199,-86,-1.4325
200,-49.2,-75.946
200,-49.4,-83.14
200,-50.2,-83.768
200,-50.8,-114.61
200,-52.2,-206.66
200,-52.6,-183.81
200,-52.8,-201.21
200,-53.4,-197.02
200,-53.6,-159.93
200,-53.8,-149.39
200,-54.4,-128.67
200,-54.6,-127.94
200,-55.2,-76.537
200,-56,-36.935
200,-56.4,0.66264
200,-56.6,4.7911
200,-57.2,48.401
200,-58.2,77.783
200,-58.4,78.968
200,-59,100.25
200,-60,91.694
200,-61.4,73.97
200,-62.6,68.541
200,-62.8,68.807
200,-63,59.631
200,-64.8,61.011
200,-66,50.613
200,-68.2,23.385
200,-68.8,24.535
200,-69.8,5.9612
200,-71.4,-5.4669
200,-72,-21.903
200,-73,-5.0032
200,-73.8,9.7145
200,-74,10.045
200,-74.8,22.292
200,-75.4,43.714
200,-76,68.701
200,-76.8,86.368
200,-77,83.95
200,-78.6,104.55
200,-80.6,48.819
200,-82.6,11.198
200,-88.2,-2.9721
201,-49.2,-72.455
201,-50.4,-136.12
201,-50.8,-155
201,-51,-148.17
201,-51.4,-133.08
201,-54.2,-124.35
201,-54.6,-118.06
201,-55.2,-81
201,-55.4,-68.86
201,-55.6,-54.83
201,-56.4,-4.4552
201,-56.8,15.912
201,-57,31.713
201,-58.4,73.855
201,-60.8,93.695
201,-61.8,75.708
201,-62.4,71.474
201,-63,83.928
201,-63.4,67.15
201,-64.2,63.578
201,-65.4,51.634
201,-66.2,39.575
201,-66.8,48.11
201,-67.4,41.81
201,-67.6,42.659
201,-68.6,37.551
201,-72.8,-9.9622
201,-74.4,20.975
201,-77,90.854
201,-79,95.205
201,-79.8,83.15
201,-81,41.857
201,-81.8,30.931
201,-83.6,8.8485
201,-85.4,2.0482
201,-88.4,-3.8775
202,-49.4,-90.182
202,-49.8,-95.623
202,-50,-105.7
202,-50.4,-132.48
202,-51.8,-170.4
202,-52,-191.16
202,-52.4,-200.61
202,-53.6,-187.97
202,-53.8,-123.91
202,-54.8,-90.516
202,-55.2,-67.46
202,-56.4,-8.1198
202,-56.6,11.96
202,-56.8,18.644
202,-58.6,77.19
202,-59.2,88.311
202,-59.8,104.3
202,-60.4,91.958
202,-60.6,62.121
202,-61.8,72.999
202,-62.4,76.997
202,-62.6,65.127
202,-62.8,68.448
202,-63.6,75.344
202,-65.2,57.854
202,-65.4,62.131
202,-66.2,37.716
202,-66.8,53.032
202,-67.4,46.871
202,-67.6,32.18
202,-70.2,1.8593
202,-71.6,-21.668
202,-73.2,0.52111
202,-76.8,81.036
202,-78.6,82.889
202,-79.8,82.232
202,-84,7.9696
203,-49.4,-80.462
203,-49.6,-88.392
203,-50,-103.33
203,-50.6,-122.11
203,-51.4,-143.3
203,-51.6,-157.59
203,-51.8,-164.91
203,-52,-163.57
203,-52.2,-155.6
203,-52.4,-172.13
203,-52.6,-186.17
203,-52.8,-140.36
203,-53.6,-146.56
203,-53.8,-137.9
203,-54.2,-121.56
203,-54.4,-117.82
203,-54.8,-89.685
203,-55.2,-70.802
203,-56.2,-19.247
203,-56.8,13.597
203,-57.4,27.097
203,-57.6,50.831
203,-58,69.041
203,-58.2,62.193
203,-58.8,58.566
203,-60,93.298
203,-60.2,77.042
203,-61,68.091
203,-62.4,57.255
203,-63.6,65.055
203,-63.8,64.296
203,-64.4,62.665
203,-66.6,57.288
203,-68.4,33.174
203,-68.8,17.64
203,-70,13.276
203,-70.6,14.761
203,-71.4,-2.3139
203,-71.8,-20.328
203,-73,-10.14
203,-74.8,28.692
203,-83.8,-1.2013
203,-84.8,-0.56524
203,-85,-8.7484
204,-49.4,-97.74
204,-49.6,-87.938
204,-49.8,-111.55
204,-50,-114.25
204,-51.6,-168.86
204,-52.4,-160.28
204,-52.6,-138.53
204,-53,-146.81
204,-53.2,-148.75
204,-53.4,-132.57
204,-54.4,-97.567
204,-55.4,-53.409
204,-56.8,27.839
204,-58,50.215
204,-60,65.425
204,-60.2,73.054
204,-60.6,77.726
204,-61,60.507
204,-61.4,73.287
204,-62,76.678
204,-62.4,70.69
204,-63.6,70.049
204,-64.8,69.347
204,-65.2,61.031
204,-66,67.207
204,-66.4,54.726
204,-66.6,45.081
204,-66.8,46.593
204,-67.4,47.204
204,-67.6,41.785
204,-70.4,14.374
204,-71.2,-2.4782
204,-72,6.7277
204,-73.2,-9.3969
204,-74,14.272
204,-75.4,49.404
204,-75.8,62.617
204,-76.2,61.169
204,-77.2,87.62
204,-81,43.99
204,-83,17.644
204,-86.4,-6.5824
205,-49.6,-104.89
205,-50,-131.27
205,-50.4,-158.83
205,-50.6,-129.08
205,-51.2,-144.81
205,-51.4,-172.11
205,-52,-137.41
205,-52.6,-146.39
205,-52.8,-141.78
205,-53.4,-152.2
205,-54.2,-107.5
205,-54.4,-92.735
205,-55.6,-35.994
205,-56.2,-1.2414
205,-57,27.866
205,-57.2,18.658
205,-57.8,41.719
205,-61.6,65.981
205,-62.2,52.442
205,-63.6,58.997
205,-64,67.034
205,-65.4,51.157
205,-66.4,51.889
205,-67,39.77
205,-67.2,42.157
205,-67.8,39.965
205,-68.2,32.84
205,-68.6,40.895
205,-68.8,28.469
205,-69.4,31.603
205,-70.2,6.1665
205,-70.6,-3.3164
205,-71.2,5.8382
205,-71.4,6.2169
205,-73.4,5.4204
205,-75,42.909
205,-75.8,60.796
205,-76.4,83.035
205,-76.8,86.762
205,-78.6,79.878
205,-83,4.0717
206,-50,-135.68
206,-50.4,-147.54
206,-51.2,-140.79
206,-51.4,-157.11
206,-51.8,-160.36
206,-52.2,-174.11
206,-53,-122.27
206,-53.4,-127.07
206,-54,-88.653
206,-54.6,-68.95
206,-54.8,-59.706
206,-55.6,-30.631
206,-56,-2.5349
206,-56.8,12.452
206,-57.2,26.513
206,-58.2,37.473
206,-58.4,36.126
206,-59.8,47.895
206,-60,53.791
206,-60.2,54.712
206,-60.6,64.217
206,-60.8,59.933
206,-62.8,59.924
206,-63,63.871
206,-63.4,65.27
206,-64.6,52.263
206,-65,64.815
206,-65.4,50.995
206,-66.4,57.101
206,-67,42.432
206,-67.6,44.202
206,-68.8,35.402
206,-69.2,28.781
206,-70.4,12.924
206,-70.8,10.386
206,-71,1.997
206,-71.4,-7.4549
206,-71.8,-9.9524
206,-72.4,-12.356
206,-73,5.8937
206,-76.6,91.713
206,-79.2,78.955
206,-80,52.007
206,-81.2,33.764
206,-84.2,7.7055
206,-86.6,3.0975
207,-49.4,-96.206
207,-49.6,-123.41
207,-49.8,-131.18
207,-50,-113.28
207,-50.2,-124.9
207,-50.4,-143.96
207,-51.4,-141.84
207,-51.6,-171.53
207,-52.6,-140.54
207,-52.8,-151.56
207,-53,-126.73
207,-53.8,-111.4
207,-56,-20.408
207,-56.2,3.8001
207,-58,22.312
207,-58.2,26.794
207,-58.4,24.082
207,-58.6,39.895
207,-60.2,39.05
207,-61.2,52.797
207,-62.8,54.912
207,-63,65.865
207,-63.4,44.661
207,-63.6,49.235
207,-64.6,53.451
207,-64.8,55.833
207,-65.6,52.25
207,-65.8,56.924
207,-66.6,38.998
207,-67.2,36.928
207,-67.4,29.803
207,-67.8,43.718
207,-69.2,28.591
207,-69.6,27.701
207,-70,13.971
207,-70.2,20.008
207,-71.8,-0.05957
207,-72,-5.552
207,-73,1.4107
207,-74,22.485
207,-74.6,27.363
207,-74.8,33.369
207,-76.2,72.392
207,-77.2,85.154
207,-79.2,77.792
207,-79.4,56.761
207,-80.8,39.723
207,-82.4,19.953
207,-88.2,-3.1062
208,-49.4,-108.74
208,-49.6,-136.55
208,-49.8,-120
208,-50,-128.62
208,-50.2,-144.27
208,-50.4,-159.85
208,-50.6,-160.02
208,-50.8,-145.38
208,-51,-139.95
208,-52.8,-120.07
208,-53,-132.69
208,-53.6,-106.01
208,-53.8,-82.783
208,-54,-84.897
208,-54.4,-71.732
208,-54.6,-64.565
208,-54.8,-50.502
208,-55.2,-42.422
208,-55.4,-27.185
208,-55.6,-12.716
208,-56.8,18.677
208,-57,8.4542
208,-57.4,12.542
208,-58.2,12.909
208,-59,47.718
208,-59.2,43.651
208,-61.8,39.113
208,-62,51.202
208,-64,52.561
208,-64.8,43.996
208,-65,59.746
208,-65.2,47.271
208,-65.4,51.759
208,-65.8,49.893
208,-67,44.971
208,-67.6,35.791
208,-68.2,35.044
208,-69,21.617
208,-69.4,22.748
208,-70,15.017
208,-70.2,14.218
208,-71.2,-6.4265
208,-73.2,4.5669
208,-74.2,20.668
208,-76.2,64.696
208,-78.6,83.147
208,-78.8,77.726
208,-81.6,30.219
208,-83.8,0.22314
208,-86,-12.125
209,-49.6,-116.54
209,-50,-137.74
209,-50.4,-138.27
209,-50.6,-159.19
209,-50.8,-142.23
209,-51,-145.07
209,-51.2,-172
209,-51.4,-151.48
209,-51.6,-166.1
209,-52.2,-121.44
209,-52.8,-142.62
209,-53.4,-107.85
209,-54.6,-53.935
209,-54.8,-55.125
209,-55.4,-27.862
209,-57.4,11.707
209,-57.6,20.055
209,-57.8,23.809
209,-58.2,27.87
209,-58.4,31.069
209,-59.2,33.212
209,-59.4,47.696
209,-59.6,43.874
209,-60,31.088
209,-60.2,38.789
209,-61,36.655
209,-61.6,60.415
209,-62.2,43.271
209,-62.8,51.54
209,-63.6,54.005
209,-64.4,56.782
209,-65.2,53.143
209,-66.4,39.951
209,-66.8,36.165
209,-67.2,28.071
209,-68,31.681
209,-68.4,35.785
209,-69.6,18.581
209,-69.8,20.558
209,-70.2,26.273
209,-70.4,8.8467
209,-70.8,9.3116
209,-71,5.7554
209,-72.2,-1.4635
209,-72.6,-4.1937
209,-76,58.039
209,-76.6,66.38
209,-77.6,63.632
209,-80,52.303
209,-81,38.295
209,-81.8,21.826
209,-83,8.9848
209,-84.4,-0.7336
210,-49.6,-131.8
210,-50,-159.24
210,-50.2,-117.6
210,-50.4,-167.79
210,-50.6,-163.83
210,-51,-152.43
210,-51.4,-173.11
210,-51.6,-140.73
210,-51.8,-152.85
210,-52,-158.78
210,-53.4,-99.143
210,-53.6,-82.6
210,-54.2,-70.845
210,-54.8,-44.004
210,-55.4,-24.062
210,-55.6,-21.557
210,-56,-9.4182
210,-56.2,0.092513
210,-59.6,35.677
210,-60.6,33.408
210,-61.2,45.665
210,-62.2,42.377
210,-62.8,54.784
210,-63.4,44.076
210,-64.2,52.017
210,-64.6,42.826
210,-67,41.996
210,-67.2,25.067
210,-67.6,42.307
210,-67.8,38.703
210,-68.6,23.398
210,-70,18.229
210,-71.2,-2.2138
210,-73.2,-9.3403
210,-75,36.176
210,-76.2,53.372
210,-78.8,54.8
210,-84.6,8.9227
210,-88.6,-1.1867
211,-49.8,-139.3
211,-50,-144.84
211,-50.2,-129.59
211,-50.6,-170.28
211,-50.8,-136.67
211,-51,-136.25
211,-51.4,-163.62
211,-51.6,-140.17
211,-52.2,-128.02
211,-53,-104.59
211,-53.2,-107.52
211,-53.4,-87.779
211,-54,-61.047
211,-54.8,-38.395
211,-56.4,-10.272
211,-56.6,1.4718
211,-57.4,14.532
211,-57.8,21.4
211,-58,17.808
211,-59,32.648
211,-60,38.925
211,-60.2,36.38
211,-60.8,41.518
211,-61.6,51.887
211,-62.2,47.721
211,-62.4,39.707
211,-62.6,48.517
211,-62.8,46.109
211,-63.2,41.244
211,-63.4,43.047
211,-65.6,37.522
211,-66.8,35.576
211,-69.2,22.251
211,-69.6,15.14
211,-70.6,2.5969
211,-72.8,-2.0835
211,-73,6.6232
211,-78.4,59.914
211,-83.6,3.0103
211,-83.8,10.867
211,-84.4,-0.95778
212,-50.4,-148.49
212,-50.6,-136.87
212,-51,-120.76
212,-51.4,-139.68
212,-52.2,-129.06
212,-52.8,-101.75
212,-53.6,-63.598
212,-54.2,-56.332
212,-54.4,-45.142
212,-54.8,-33.808
212,-55.8,-17.573
212,-56.2,-1.0411
212,-56.4,1.7294
212,-56.8,8.0765
212,-58.2,21.93
212,-59.4,29.756
212,-59.6,31.507
212,-60.4,37.368
212,-61.4,37.08
212,-62,38.598
212,-62.2,33.714
212,-62.6,47.121
212,-63,55.157
212,-63.2,47.917
212,-63.8,44.297
212,-64.6,41.71
212,-65,44.311
212,-65.4,43.735
212,-66,30.013
212,-66.4,39.392
212,-66.8,32.863
212,-68.6,28.447
212,-69.2,23.813
212,-74.6,34.157
212,-75,47.93
212,-76.4,56.609
212,-78,69.266
212,-80.6,31.173
212,-86,-6.7086
213,-50.2,-116.83
213,-50.4,-111.64
213,-50.8,-129.94
213,-51,-109.91
213,-51.4,-109.16
213,-51.8,-100.3
213,-53.2,-80.476
213,-54,-57.589
213,-54.2,-56.286
213,-54.4,-47.777
213,-55,-39.981
213,-56,-0.5714
213,-56.4,-4.513
213,-56.6,5.3846
213,-56.8,2.6795
213,-57.2,1.7972
213,-58,14.893
213,-58.2,18.535
213,-58.8,30.023
213,-59,27.52
213,-59.2,33.18
213,-60.4,39.261
213,-61.6,42.975
213,-62.4,36.725
213,-64,27.872
213,-70,12.769
213,-70.6,0.31824
213,-72.2,2.4982
213,-73.6,16.23
213,-73.8,10.597
213,-75.2,55.615
213,-76.6,53.006
213,-82.8,12.503
213,-85.6,-2.058
214,-50.2,-115.02
214,-50.4,-119.94
214,-50.6,-113.69
214,-50.8,-131.68
214,-51.2,-104.87
214,-52,-98.066
214,-52.4,-101.82
214,-52.6,-85.142
214,-53.2,-72.339
214,-53.6,-61.935
214,-53.8,-59.777
214,-54,-47.805
214,-54.2,-53.404
214,-54.8,-37.728
214,-56.2,-5.2374
214,-56.4,-16.27
214,-56.6,-10.244
214,-57,7.0367
214,-57.2,1.0281
214,-58.2,21.066
214,-59.2,21.068
214,-60,34.227
214,-60.6,28.529
214,-61.2,38.783
214,-63,33.325
214,-63.4,35.779
214,-66.8,16.27
214,-67.2,31.22
214,-68.4,19.882
214,-68.8,12.266
214,-69.2,16.717
214,-69.6,14.433
214,-72,-2.5747
214,-72.2,3.0393
214,-72.8,1.5351
214,-73,9.2227
214,-77.4,59.311
214,-79.6,46.57
214,-83.6,9.8775
214,-85.4,-3.9977
215,-50.4,-98.096
215,-51.6,-83.265
215,-51.8,-95.806
215,-52.8,-69.063
215,-53,-73.862
215,-53.6,-53.36
215,-53.8,-60.994
215,-54.2,-59.238
215,-54.6,-41.43
215,-55.4,-33.497
215,-55.6,-37.549
215,-55.8,-21.652
215,-56.8,-9.38
215,-57.4,4.7421
215,-57.6,0.24678
215,-57.8,11.072
215,-58.8,10.388
215,-60,24.42
215,-61,27.369
215,-61.6,36.105
215,-62.8,40.962
215,-63.6,30.848
215,-63.8,46.271
215,-64.2,46.53
215,-65.4,30.957
215,-66,30.444
215,-68,27.207
215,-68.2,18.514
215,-70,7.6897
215,-70.2,7.0664
215,-71.4,-4.5609
215,-72.6,4.0927
215,-74.4,34.931
215,-75.4,54.296
215,-75.8,57.004
215,-79.2,49.993
215,-80,37.4
215,-80.6,32.118
215,-88.4,-8.6383
216,-51.4,-70.02
216,-52,-75.756
216,-52.2,-81.16
216,-52.4,-73.17
216,-52.8,-70.582
216,-53.2,-63.115
216,-53.8,-54.288
216,-54.8,-33.469
216,-55,-41.525
216,-55.4,-40.288
216,-57.4,-8.8483
216,-59,17.179
216,-59.4,20.564
216,-59.6,22.976
216,-60.2,29.232
216,-60.6,23.375
216,-61.4,39.339
216,-61.8,41.469
216,-63.2,41.037
216,-63.8,47.308
216,-65.6,39.098
216,-66,34.739
216,-67.2,22.173
216,-69.2,18.407
216,-70.4,11.569
216,-70.8,3.9373
216,-73.8,22.743
216,-74.4,36.293
216,-76.6,64.882
216,-77.8,69.755
216,-84,5.3117
217,-50.8,-62.785
217,-51,-57.378
217,-51.6,-56.245
217,-52.6,-58.551
217,-53.2,-55.784
217,-53.4,-59.688
217,-54,-51.713
217,-54.4,-51.605
217,-54.6,-54.093
217,-54.8,-44.58
217,-55.6,-44.719
217,-56,-32.795
217,-56.2,-27.77
217,-56.6,-32.909
217,-56.8,-26.548
217,-57.8,-9.344
217,-59.8,18.592
217,-60.2,22.174
217,-61.2,29.855
217,-61.8,45.412
217,-62.2,32.642
217,-63,38.592
217,-64.2,44.239
217,-66,27.074
217,-66.2,30.638
217,-66.6,29.125
217,-66.8,18.055
217,-67.6,23.428
217,-68.2,16.73
217,-68.6,17.873
217,-69,8.9089
217,-70,10.263
217,-71.4,11.959
217,-74,27.627
217,-74.8,32.344
217,-75.4,44.891
217,-76.6,60.695
217,-78.2,48.282
217,-83.8,8.9651
217,-85.6,-4.4227
218,-51.2,-46.971
218,-52.4,-59.825
218,-52.8,-54.118
218,-53,-57.814
218,-53.4,-51.869
218,-54,-63.964
218,-54.6,-55.772
218,-55,-55.451
218,-56,-45.023
218,-58.2,-10.489
218,-60,23.583
218,-61.2,25.01
218,-61.4,24.269
218,-61.8,29.494
218,-63.2,42.981
218,-63.8,46.025
218,-64.2,37.52
218,-64.4,42.749
218,-65,36.496
218,-65.4,33.583
218,-68.2,19.91
218,-68.8,15.906
218,-69,16.753
218,-69.2,4.9739
218,-69.4,16.171
218,-69.6,21.151
218,-70.6,6.359
218,-71,-0.38187
218,-72.6,18.208
218,-77,53.281
218,-78.2,44.167
218,-79.4,40.641
218,-79.8,30.762
218,-85.4,13.112
218,-86.2,-0.057322
219,-51.2,-39.112
219,-51.8,-43.121
219,-52.4,-55.395
219,-52.6,-50.193
219,-52.8,-49.267
219,-53.8,-50.968
219,-54.2,-59.491
219,-54.6,-49.129
219,-55,-48.906
219,-55.2,-47.012
219,-55.6,-59.54
219,-56.4,-47.35
219,-57,-29.972
219,-57.4,-25.379
219,-59.4,9.0196
219,-59.6,3.5694
219,-60,7.3847
219,-60.2,27.78
219,-60.4,15.778
219,-61.4,29.042
219,-61.6,37.009
219,-62,32.102
219,-62.2,33.41
219,-62.8,38.086
219,-65.2,46.895
219,-67.6,18.619
219,-67.8,20.772
219,-68.6,22.394
219,-69.6,10.283
219,-70.4,11.348
219,-72,5.3576
219,-72.4,4.6121
219,-77,47.592
219,-77.4,54.487
219,-79.4,30.293
219,-80.4,23.063
219,-86.2,-3.8003
219,-88.2,-3.8268
220,-51.4,-33.409
220,-53.8,-54.765
220,-54.6,-61.316
220,-54.8,-62.45
220,-55.2,-54.188
220,-55.4,-62.424
220,-56.2,-70.785
220,-56.8,-47.246
220,-58,-31.481
220,-58.8,-17.732
220,-59.6,1.8669
220,-60.6,15.654
220,-62.8,34.496
220,-63.6,45.442
220,-65.2,38.599
220,-66,31.179
220,-66.2,33.615
220,-66.8,23.595
220,-67.6,21.658
220,-68,15.743
220,-70,19.368
220,-71.4,12.473
220,-72.2,12.796
220,-72.4,13.829
220,-73.4,33.232
220,-74.2,37.962
220,-76,61.129
220,-77.2,57.107
220,-78.8,39.858
220,-79.4,20.04
220,-80.8,14.152
220,-84.8,0.65399
220,-87,0.64616
220,-88.4,-1.2337
221,-51.8,-12.227
221,-52.8,-42.677
221,-53.2,-47.396
221,-54,-60.139
221,-55,-57.531
221,-55.6,-73.345
221,-56.4,-61.235
221,-57,-50.036
221,-57.8,-50.254
221,-58.2,-30.381
221,-58.8,-14.971
221,-59.6,-2.7387
221,-60.6,6.4454
221,-61,20.199
221,-61.4,9.7149
221,-61.6,21.053
221,-62.4,37.241
221,-62.8,36.338
221,-64.2,40.882
221,-64.8,53.626
221,-65.2,28.878
221,-66.8,26.531
221,-67.6,22.577
221,-68,23.018
221,-72,19.574
221,-73,16.202
221,-74.2,51.697
221,-75.6,54.525
221,-77.8,53.606
221,-78.4,42.254
221,-85.8,-1.9208
222,-52,-26.364
222,-52.2,-34.709
222,-52.4,-34.127
222,-53.4,-48.283
222,-54,-46.97
222,-55,-60.976
222,-55.4,-67.745
222,-56,-73.89
222,-56.4,-63.809
222,-56.8,-62.003
222,-57,-55.905
222,-57.4,-51.973
222,-57.8,-37.474
222,-58,-31.322
222,-58.2,-40.598
222,-58.4,-38.309
222,-58.6,-32.827
222,-59.2,-40.395
222,-59.4,-24.481
222,-59.6,-13.411
222,-59.8,-14.097
222,-60.2,-15.352
222,-61.4,14.256
222,-62.2,25.084
222,-62.4,20.607
222,-63.4,37.502
222,-63.8,41.303
222,-64.2,27.55
222,-64.6,34.696
222,-65.2,43.6
222,-65.6,40.315
222,-66,42.243
222,-66.4,29.725
222,-67,28.05
222,-67.4,25.602
222,-68.8,16.732
222,-69.2,12.741
222,-70,5.1406
222,-73,36.695
222,-73.4,37.959
222,-73.8,39.993
222,-74.8,42.491
222,-76.2,54.319
222,-77.2,43.051
222,-77.6,53.664
222,-84.2,10.085
222,-84.6,3.8994
223,-52.2,-21.801
223,-52.4,-27.024
223,-52.8,-34.723
223,-53.4,-47.681
223,-53.6,-47.398
223,-53.8,-37.594
223,-54.2,-54.33
223,-54.6,-55.583
223,-55.2,-59.092
223,-55.4,-55.33
223,-55.6,-65.041
223,-55.8,-72.397
223,-57,-52.837
223,-58,-53.126
223,-58.2,-56.585
223,-58.4,-47.617
223,-58.6,-33.898
223,-60,-17.128
223,-60.6,-8.4246
223,-61.4,4.8853
223,-61.6,11.287
223,-63.4,44.558
223,-64,33.265
223,-64.2,45.333
223,-64.4,43.408
223,-67,33.689
223,-67.4,34.979
223,-67.6,26.155
223,-68,26.026
223,-68.6,28.762
223,-69.4,18.715
223,-70.2,24.706
223,-70.8,11.193
223,-72,31.052
223,-74,29.037
223,-76.8,44.935
223,-77.2,53.856
223,-79.8,23.514
223,-82.4,13.636
223,-83.2,10.181
223,-83.8,4.8345
223,-84.4,5.2363
224,-52.6,-25.095
224,-52.8,-29.316
224,-53,-25.352
224,-53.2,-40.284
224,-53.4,-41.411
224,-53.8,-51.3
224,-54,-45.364
224,-54.2,-57.953
224,-54.4,-52.24
224,-54.6,-47.461
224,-54.8,-47.101
224,-55.4,-52.132
224,-56.6,-68.838
224,-57.2,-58.966
224,-57.8,-58.486
224,-58.6,-51.731
224,-58.8,-43.329
224,-59.2,-37.758
224,-59.6,-15.445
224,-61.8,13.557
224,-62.2,19.311
224,-62.4,20.6
224,-63.2,34.876
224,-63.4,38.979
224,-63.6,36.833
224,-65.2,42.304
224,-65.6,37.778
224,-67.2,27.752
224,-67.4,32.747
224,-70.2,16.802
224,-70.4,24.945
224,-71.6,15.216
224,-72,29.415
224,-72.4,36.726
224,-73.6,42.86
224,-74,44.669
224,-74.2,37.478
224,-74.6,39.426
224,-78.2,50.165
224,-80.6,15.807
224,-82.2,4.5039
224,-85.2,1.9888
224,-86.6,-12.549
224,-87.2,-0.84898
224,-88.4,7.7939
225,-52.8,-12.289
225,-53.2,-21.708
225,-53.4,-32.948
225,-54,-32.884
225,-54.2,-48.725
225,-54.4,-55.105
225,-54.6,-44.652
225,-55.4,-50.766
225,-55.6,-63.616
225,-55.8,-55.634
225,-57,-72.969
225,-57.8,-58.244
225,-58.2,-59.951
225,-59.8,-13.909
225,-60,-28.371
225,-60.8,-5.7694
225,-61.2,-5.8221
225,-61.4,12.909
225,-63.6,33.459
225,-63.8,38.648
225,-64,48.378
225,-64.6,38.148
225,-65.4,38.65
225,-66.2,27.297
225,-66.4,39.562
225,-67,41.993
225,-68,34.274
225,-70.2,32.674
225,-70.6,24.09
225,-70.8,29.673
225,-71,34.073
225,-72,32.246
225,-72.6,31.636
225,-75.8,49.055
225,-77.2,49.847
225,-80.4,19.873
225,-81.4,14.608
225,-86,2.8184
226,-53.8,-35.04
226,-54,-42.431
226,-55,-57.528
226,-55.8,-56.387
226,-56.2,-72.719
226,-57.4,-60.594
226,-57.8,-70.31
226,-58.4,-54.468
226,-59,-39.626
226,-59.2,-38.222
226,-59.4,-24.295
226,-59.8,-33.163
226,-60,-22.769
226,-60.4,-12.356
226,-60.8,-13.337
226,-61.2,3.4693
226,-61.6,13.187
226,-61.8,16.31
226,-62.2,18.956
226,-62.6,26.337
226,-63.4,31.029
226,-63.6,33.105
226,-63.8,38.53
226,-64.6,45.746
226,-65,37.531
226,-65.2,52.254
226,-65.4,36.099
226,-65.8,43.434
226,-66,42.99
226,-66.6,38.424
226,-68.2,40.805
226,-69.2,29.924
226,-69.6,38.754
226,-69.8,27.024
226,-70,37.846
226,-70.8,29.899
226,-71.2,33.983
226,-71.6,33.638
226,-72.4,44.528
226,-72.6,41.069
226,-74.4,58.507
226,-74.6,60.731
226,-75.6,46.526
226,-75.8,40.298
226,-78.6,38.309
226,-79.8,19.399
227,-53.4,-23.079
227,-54,-35.775
227,-54.4,-38.321
227,-54.6,-44.73
227,-55.2,-41.706
227,-56.4,-62.753
227,-56.8,-66.045
227,-58.2,-35.98
227,-58.8,-43.591
227,-59,-32.5
227,-62.6,29.958
227,-62.8,25.16
227,-63,33.865
227,-63.2,28.614
227,-63.6,38.297
227,-65.8,43.706
227,-66.4,36.426
227,-66.8,35.791
227,-68.6,30.281
227,-69,44.35
227,-69.6,46.409
227,-70.2,45.818
227,-70.8,38.331
227,-71.2,41.939
227,-72.4,42.029
227,-74,52.918
227,-74.6,49.569
227,-74.8,54.837
227,-75.4,47.873
227,-76.8,43.826
227,-80.4,10.931
228,-53.8,-26.546
228,-54,-25.551
228,-54.6,-25.61
228,-56.4,-51.585
228,-57.6,-46.846
228,-58,-64.998
228,-58.2,-55.329
228,-58.4,-38.994
228,-59,-44.832
228,-59.2,-43.678
228,-59.8,-39.51
228,-60.2,-18.656
228,-60.4,-15.059
228,-60.8,-12.54
228,-61,-2.6338
228,-61.2,-1.4152
228,-62,3.4346
228,-62.6,18.747
228,-63.8,41.043
228,-64,25.685
228,-64.4,43.741
228,-65.2,46.578
228,-65.6,40.996
228,-67,38.899
228,-67.6,43.554
228,-69.2,41.184
228,-70,42.757
228,-70.4,49.112
228,-71.6,42.76
228,-71.8,44.7
228,-72.8,56.743
228,-73.2,54.446
228,-75,51.44
228,-77.2,41.588
228,-78.2,32.277
228,-78.4,20.619
228,-79,16.471
228,-80.2,23.493
228,-80.4,11.407
228,-82.6,1.3306
228,-82.8,5.1274
228,-83.4,5.1359
228,-85.6,-3.8471
228,-86.4,5.4298
228,-87,-3.5718
229,-54.2,-18.146
229,-54.4,-18.963
229,-54.6,-29.433
229,-54.8,-27.648
229,-56.4,-39.572
229,-56.6,-34.427
229,-56.8,-45.139
229,-57.2,-49.915
229,-57.4,-49.143
229,-57.8,-55.28
229,-58.2,-45.564
229,-58.4,-59.946
229,-59.2,-20.218
229,-59.8,-27.551
229,-61,-9.6067
229,-61.2,-16.611
229,-61.4,3.8599
229,-61.6,14.275
229,-61.8,10.557
229,-62.4,22.527
229,-63,20.849
229,-63.6,35.116
229,-64.8,45.05
229,-65,51.146
229,-65.6,50.313
229,-68.2,57.717
229,-68.6,43.21
229,-69.4,51.296
229,-70,48.39
229,-70.2,42.229
229,-70.4,37.702
229,-71.6,49.874
229,-74.2,35.77
229,-76.8,34.507
229,-77,33.781
229,-78.4,20.174
229,-79,26.478
229,-79.6,21.011
229,-80.6,13.152
229,-81.2,11.62
229,-82,7.4059
230,-54.4,-16.808
230,-54.6,-15.077
230,-54.8,-25.844
230,-55,-13.07
230,-55.6,-12.396
230,-55.8,-38.007
230,-56,-33.906
230,-56.4,-37.168
230,-56.8,-34.865
230,-57.2,-44.253
230,-58.2,-36.623
230,-58.8,-50.535
230,-60.8,-7.7732
230,-61.2,0.862
230,-62.6,22.608
230,-64,40.449
230,-64.2,48.238
230,-66,39.263
230,-68.8,54.225
230,-69.6,52.206
230,-70,59.655
230,-70.2,54.058
230,-70.8,54.566
230,-72.6,44.419
230,-73.6,47.331
230,-75,42.987
230,-75.2,44.846
230,-75.8,34.046
230,-78,31.859
230,-80.8,7.8746
230,-81,6.803
230,-82.4,6.0137
230,-84.2,0.20629
230,-84.8,-5.2153
230,-86.4,7.5354
231,-54.8,-16.575
231,-55.4,-23.229
231,-55.6,-19.796
231,-56,-34.09
231,-56.6,-30.714
231,-56.8,-36.377
231,-57,-40.118
231,-57.2,-39.877
231,-57.4,-41.028
231,-57.6,-47.972
231,-59.6,-19.974
231,-60.2,-19.38
231,-60.6,-12.857
231,-60.8,-4.6261
231,-61,1.8015
231,-61.4,-1.6134
231,-62.4,18.581
231,-62.8,29.252
231,-63.2,38.697
231,-64,48.761
231,-64.6,48.295
231,-65.4,52.022
231,-67,53.943
231,-71,57.687
231,-71.6,48.277
231,-73.2,45.507
231,-75.6,45.853
231,-76.4,36.288
231,-78.6,16.787
231,-79.4,14.978
231,-80.2,14.731
231,-83.6,-4.4611
231,-85.6,-3.9394
232,-55.8,-19.033
232,-56,-18.719
232,-56.2,-20.819
232,-56.4,-25.234
232,-56.8,-18.843
232,-57,-30.141
232,-57.2,-35.264
232,-58,-23.319
232,-58.4,-35.619
232,-58.8,-27.768
232,-59.2,-22.479
232,-59.6,-23.939
232,-59.8,-31.881
232,-60,-25.595
232,-60.6,-6.2589
232,-60.8,-19.197
232,-61.6,0.46075
232,-62,18.559
232,-62.6,23.282
232,-62.8,6.2577
232,-63.2,34.597
232,-63.8,44.095
232,-64,41.646
232,-64.4,48.964
232,-65.2,41.891
232,-65.6,49.555
232,-66.8,42.384
232,-67,47.222
232,-67.4,48.737
232,-68.6,56.026
232,-68.8,60.025
232,-70,74.383
232,-70.2,63.458
232,-70.4,55.503
232,-72.4,62.881
232,-72.6,46.911
232,-73,60.574
232,-73.4,44.795
232,-74,45.041
232,-74.4,43.511
232,-74.6,48.866
232,-76,40.072
232,-78.4,29.864
232,-81.4,11.63
232,-81.8,7.0866
233,-55.8,-14.062
233,-56,-17.959
233,-56.4,-14.505
233,-56.6,-12.691
233,-56.8,-14.722
233,-57,-21.187
233,-57.2,-19.212
233,-57.6,-34.777
233,-57.8,-30.862
233,-59.4,-25.96
233,-59.8,-22.133
233,-62,8.1962
233,-62.2,13.612
233,-62.8,26.486
233,-63,27.342
233,-63.4,29.225
233,-64.4,36.554
233,-65,45.586
233,-65.8,56.049
233,-66.4,49.336
233,-68.2,56.772
233,-69,65.753
233,-70.8,61.463
233,-71.6,58.002
233,-72.4,42.712
233,-72.8,53.093
233,-73.6,54.521
233,-73.8,55.713
233,-78,24.438
233,-79.2,7.3674
233,-80.2,5.1851
233,-80.4,10.744
233,-80.6,12.409
233,-84,-0.23184
233,-85.8,4.4508
233,-87,2.3974
234,-56.4,-15.271
234,-56.6,-17.181
234,-59.2,-15.013
234,-59.8,-19.127
234,-60,-19.058
234,-60.2,-14.656
234,-60.4,-12.96
234,-61,-3.9002
234,-61.6,-4.6572
234,-62.4,14.618
234,-63,27.533
234,-63.2,27.011
234,-64.2,44.696
234,-65.4,37.877
234,-65.8,49.548
234,-66.2,53.676
234,-66.6,56.424
234,-66.8,46.783
234,-67.2,66.845
234,-67.4,70.854
234,-67.6,52.264
234,-68,64.923
234,-68.4,72.103
234,-68.6,65.02
234,-70.6,53.125
234,-71.2,58.113
234,-71.6,58.28
234,-72.4,50.66
234,-73,52.737
234,-74,37.908
234,-75.6,24.344
234,-76.2,24.271
234,-81.8,4.0716
234,-83.2,10.58
235,-56.4,-16.301
235,-57.4,-20.451
235,-57.8,-30.236
235,-58,-20.348
235,-58.6,-17.009
235,-58.8,-27.542
235,-59.8,-19.042
235,-61.8,8.975
235,-63,26.228
235,-63.2,37.725
235,-63.4,34.414
235,-65,41.789
235,-66,50.694
235,-66.6,62.853
235,-67,63.909
235,-68,59.822
235,-68.2,72.649
235,-69.6,55.156
235,-70,68.87
235,-70.6,67.895
235,-73,44.868
235,-73.8,49.788
235,-78,28.46
235,-78.2,16.195
235,-81.4,3.3525
235,-83.2,5.7201
235,-84.2,-3.6431
235,-88,3.7707
236,-57,-18.522
236,-57.4,-20.586
236,-57.8,-15.231
236,-59.2,-13.875
236,-59.4,-16.602
236,-60,-12.135
236,-60.6,-13.045
236,-60.8,-16.018
236,-61,-12.642
236,-61.8,3.0752
236,-62,19.909
236,-62.2,8.1451
236,-64.8,35.416
236,-65.2,49.936
236,-66.2,44.362
236,-66.6,49.129
236,-67.4,43.835
236,-68.2,57.09
236,-68.4,60.665
236,-68.8,58.972
236,-70.2,54.598
236,-70.4,61.876
236,-71.2,58.537
236,-71.4,42.546
236,-72.2,60.651
236,-74,34.922
236,-76.2,27.934
236,-81.4,-5.315
236,-82.4,3.0135
237,-57.6,-14.259
237,-57.8,-15.11
237,-59.2,-12.92
237,-59.8,-9.4333
237,-60.4,0.4233
237,-61,-8.1751
237,-61.2,-5.8293
237,-61.6,-6.0262
237,-61.8,2.2685
237,-62,16.684
237,-62.8,21.902
237,-63,21.052
237,-63.2,22.884
237,-63.4,16.078
237,-63.6,30.654
237,-65,41.874
237,-67,54.9
237,-68.2,54.372
237,-68.6,67.868
237,-69.2,64.619
237,-69.4,55.897
237,-70.8,63.483
237,-71.4,52.474
237,-71.6,52.155
237,-73.8,30.075
237,-74.2,31.378
237,-76.8,22.638
237,-79.4,23.382
237,-81.2,2.5901
237,-84.2,0.97614
237,-85.6,-1.5734
238,-58.2,-17.404
238,-58.4,-17.952
238,-59.8,-15.722
238,-60.4,-10.965
238,-61,4.745
238,-62.4,12.535
238,-62.8,17.82
238,-63.8,23.805
238,-64.6,20.483
238,-65.2,34.275
238,-65.6,52.342
238,-67.8,51.857
238,-68,56.735
238,-68.6,68.687
238,-68.8,69.522
238,-69,60.402
238,-69.4,46.402
238,-69.8,66.784
238,-70,58.357
238,-71,52.474
238,-73.4,37.323
238,-75.6,18.295
238,-76.8,28.717
238,-77.8,16.395
238,-78,15.09
238,-79.4,-2.0203
238,-79.8,11.104
239,-58.2,-18.04
239,-58.4,-15.669
239,-58.6,-10.196
239,-58.8,-18.581
239,-59,-16.006
239,-60.4,-5.6881
239,-60.8,-14.39
239,-61.8,4.697
239,-62,6.8194
239,-62.2,11.663
239,-62.8,23.336
239,-65.6,31.911
239,-67.2,53.209
239,-67.6,50.648
239,-67.8,52.043
239,-68.4,55.21
239,-68.6,59.485
239,-68.8,52.512
239,-69,49.97
239,-69.2,39.057
239,-70.4,48.727
239,-70.8,45.991
239,-71,41.725
239,-71.8,45.494
239,-72.8,41.553
239,-74.8,31.591
239,-75,17.785
239,-77.8,24.938
239,-79,13.658
239,-80.2,7.8681
239,-80.8,6.3613
239,-81,1.8662
239,-82,-0.95272
239,-84,1.9659
239,-84.4,8.975
240,-58.6,-21.299
240,-59,-17.505
240,-59.2,-3.7933
240,-59.4,-18.343
240,-60.4,-17.852
240,-62.2,-1.5463
240,-62.4,20.619
240,-63.2,11.446
240,-63.6,20.096
240,-65.8,39.108
240,-66,35.774
240,-66.8,39.469
240,-67,41.537
240,-67.2,45.024
240,-69,48.423
240,-70.2,52.337
240,-71.2,49.228
240,-73.4,21.502
240,-74.8,11.599
240,-76.8,19.597
240,-77.8,4.8197
240,-78.8,11.984
240,-84.6,7.7166
240,-86.2,4.8241
240,-86.4,6.7011
241,-59.8,-13.97
241,-60,-9.8068
241,-60.8,-6.2913
241,-61.4,-3.7688
241,-62.6,7.5587
241,-64.4,19.423
241,-64.6,16.364
241,-65.2,32.56
241,-65.6,34.614
241,-67.2,45.935
241,-69.4,30.199
241,-69.8,51.77
241,-70,51.865
241,-70.4,43.075
241,-71.2,47.439
241,-72.8,33.45
241,-73,31.195
241,-73.8,22.213
241,-77,9.8921
241,-77.8,9.941
241,-78.2,11.851
241,-78.8,11.376
241,-79.8,1.4545
241,-82.6,-3.4779
241,-84.8,3.0113
242,-60.2,-0.96937
242,-61,-2.6472
242,-61.2,-9.1428
242,-61.6,4.9507
242,-62.2,13.227
242,-62.6,7.7048
242,-63.2,17.028
242,-63.6,17.974
242,-65,27.795
242,-67.4,43.455
242,-67.6,34.724
242,-68,38.013
242,-71.2,33.587
242,-73.2,14.26
242,-75.2,27.196
242,-76.6,11.156
242,-79.2,11.696
242,-80,-3.3463
242,-81.6,1.8348
242,-82.4,-4.383
243,-60.8,-5.7523
243,-61.4,-6.2715
243,-62,9.9112
243,-63,14.467
243,-63.6,9.3185
243,-64.2,15.858
243,-67,31.488
243,-67.6,42.75
243,-68.6,40.936
243,-69.2,42.963
243,-69.8,31.81
243,-70,32.894
243,-72.2,27.584
243,-72.4,38.889
243,-73,17.345
243,-73.4,24.601
243,-74,13.538
243,-75,11.347
243,-78.2,5.2174
243,-79.2,8.4127
243,-80,-8.4337
243,-80.8,9.685
243,-81.2,10.617
244,-60.6,1.0499
244,-61.4,5.711
244,-62,-0.78203
244,-62.2,-0.31461
244,-62.6,7.265
244,-62.8,10.689
244,-63,11.286
244,-64,16.337
244,-64.2,11.725
244,-64.4,24.1
244,-64.8,15.146
244,-65,21.854
244,-65.2,13.173
244,-66,19.701
244,-68,36.488
244,-68.2,35.92
244,-68.6,21.839
244,-69.4,38.972
244,-69.8,26.808
244,-70,33.018
244,-71,28.423
244,-71.4,25.976
244,-71.6,23.204
244,-71.8,19.138
244,-72,27.316
244,-73,21.233
244,-74.8,11.426
244,-75.8,9.7123
244,-77.2,11.888
244,-79.8,7.8933
244,-80.6,5.9986
244,-80.8,7.0291
244,-85.8,-4.3944
245,-61.2,-9.8547
245,-61.4,-13.009
245,-61.6,11.579
245,-61.8,-1.8162
245,-62,11.237
245,-62.2,5.4388
245,-62.4,5.4171
245,-62.6,-1.5929
245,-62.8,4.4827
245,-63,4.572
245,-63.8,14.645
245,-64,18.252
245,-64.4,9.9595
245,-64.6,16.679
245,-67.6,34.888
245,-68.2,25.613
245,-68.4,28.714
245,-68.8,31.629
245,-69,25.725
245,-69.2,32.886
245,-70,21.933
245,-71.6,25.032
245,-73.2,22.087
245,-73.6,19.142
245,-75,4.2851
245,-75.4,8.0173
245,-75.8,18.522
245,-78.2,10.43
245,-79.6,-6.1627
245,-79.8,5.0538
245,-80.4,11.66
245,-80.6,-8.0662
245,-82,2.5096
245,-82.8,-6.4393
245,-83,-2.4335
245,-83.2,2.7454
246,-61.8,-4.6479
246,-62,3.7016
246,-62.2,-3.332
246,-62.4,0.38115
246,-62.8,10.343
246,-63,8.648
246,-63.2,7.9791
246,-64,7.551
246,-64.8,7.5713
246,-65.2,9.4661
246,-66.4,10.387
246,-72.8,24.45
246,-76,13.986
246,-77.8,7.8834
246,-78.6,2.5465
246,-81,-2.5553
246,-82.2,6.0195
247,-62.4,8.5338
247,-62.6,5.4921
247,-62.8,5.3847
247,-63.6,3.3437
247,-65.2,10.76
247,-65.4,16.8
247,-66.2,25.803
247,-66.4,15.638
247,-66.8,31.758
247,-67.8,24.197
247,-68,15.767
247,-69,18.635
247,-69.4,26.784
247,-69.8,28.81
247,-70.4,21.329
247,-72.4,21.278
247,-72.6,8.9746
247,-76,1.4585
247,-76.6,10.64
247,-76.8,15.344
247,-77.6,-3.2237
247,-81.4,2.3861
247,-82.2,5.4414
247,-82.6,-0.98732
247,-84,-2.4263
247,-84.6,-3.2723
248,-62.8,10.12
248,-63.2,0.069302
248,-63.4,9.932
248,-65.4,11.431
248,-65.6,19.043
248,-66.2,15.544
248,-66.6,21.605
248,-69.8,15.537
248,-70.2,16.821
248,-70.4,20.774
248,-70.6,14.625
248,-71.4,20.368
248,-72.6,19.251
248,-74.6,4.7378
248,-76.2,0.45805
248,-76.6,-4.4735
248,-78.6,-1.8646
248,-79.6,12.104
248,-81,2.9396
248,-81.4,0.046985
248,-83.4,-3.7148
249,-63.8,-2.1972
249,-64.4,-1.8442
249,-64.6,2.3276
249,-65,6.4577
249,-65.2,12.261
249,-65.4,-5.2634
249,-65.6,7.0207
249,-66.2,8.0738
249,-66.6,12.438
249,-67,9.8183
249,-67.4,10.269
249,-68.4,17.683
249,-69.2,18.715
249,-69.4,22.853
249,-70,25.705
249,-71.8,16.234
249,-72.4,7.1483
249,-73.2,5.3736
249,-75,5.0677
249,-75.4,5.4888
249,-76.2,4.2295
249,-76.6,7.1697
249,-77.6,12.542
249,-83.4,5.4393
250,-64.4,-2.9722
250,-64.6,-5.5222
250,-65.2,9.6572
250,-68.2,9.7536
250,-68.4,7.005
250,-68.8,19.528
250,-69.4,21.15
250,-70.4,13.588
250,-70.6,13.791
250,-72.4,3.4423
250,-73.8,16.04
250,-77,8.0837
250,-79.4,-1.6703
250,-79.6,-8.7212
250,-83.6,1.7374
251,-65.4,-6.0932
251,-65.8,-9.0117
251,-66,9.9005
251,-66.4,11.114
251,-66.8,17.168
251,-67.6,20.177
251,-68.4,16.323
251,-69.4,19.558
251,-69.6,24.244
251,-69.8,9.5055
251,-70,12.405
251,-70.2,14.608
251,-70.6,10.488
251,-72,12.3
251,-72.4,11.607
251,-79,6.1298
251,-80.8,1.0885
251,-83,5.7695
251,-88.2,2.0088
252,-65.6,7.0088
252,-65.8,12.147
252,-66.6,9.42
252,-68.2,8.6933
252,-68.6,22.079
252,-69,9.2624
252,-69.8,12.982
252,-71.2,11.524
252,-72.4,3.3703
252,-74.4,5.7295
252,-75.6,7.6408
252,-76,6.4014
252,-76.6,5.1691
252,-77,8.8832
252,-79.8,7.1516
252,-82,7.0587
253,-66,12.186
253,-66.4,4.4648
253,-66.6,6.915
253,-67.2,6.0404
253,-68,1.9245
253,-68.2,11.136
253,-68.4,5.116
253,-69.8,4.7905
253,-70,8.0639
253,-70.6,17.869
253,-71,11.231
253,-71.2,2.7272
253,-72.4,12.191
253,-72.8,13.171
253,-73,2.8447
253,-73.8,10.823
253,-75.2,-2.8579
253,-75.4,3.1891
253,-76.4,8.8666
253,-77,0.77839
253,-78.2,2.2915
253,-78.8,-12.712
253,-80.6,-0.74698
253,-81.2,4.5567
253,-83.4,4.913
253,-83.8,1.2353
254,-66.4,-5.6837
254,-66.8,-1.079
254,-67,5.0962
254,-68,19.714
254,-69.2,4.4121
254,-69.4,10.224
254,-70.4,9.5422
254,-71.8,2.7054
254,-73,10.71
254,-73.2,9.9155
254,-73.8,4.0605
254,-74.2,-3.2539
254,-74.8,12.004
254,-75,5.7816
254,-76.4,6.6034
254,-77,7.211
254,-78.8,9.0696
254,-80.4,-2.0422
254,-80.6,-1.2532
254,-82,0.77425
255,-67.4,15.422
255,-68,11.158
255,-69,12.704
255,-69.4,14.242
255,-69.8,12.992
255,-70.2,3.859
255,-70.8,7.2733
255,-71.8,10.298
255,-79.6,1.9529
255,-81.6,-1.8321
256,-68,3.5768
256,-68.2,11.108
256,-69.2,1.9873
256,-69.4,12.251
256,-69.6,12.079
256,-69.8,6.8093
256,-70.2,13.341
256,-70.6,7.701
256,-70.8,4.9588
256,-71.2,7.7659
256,-72.2,-3.0913
256,-74.2,5.9844
256,-77.8,4.8764
256,-78.2,6.4551
256,-81.4,-1.8325
256,-83,-5.8538
256,-84.4,3.5033
257,-68.4,-0.1179
257,-68.6,2.2948
257,-69.6,7.5441
257,-71.4,13.891
257,-71.8,-0.47163
257,-72,5.5029
257,-72.2,6.6995
257,-72.6,4.0269
257,-74,-3.5528
257,-75.2,4.696
257,-75.4,0.99413
257,-76.8,-4.5055
257,-78,4.3812
257,-79.6,-3.4428
257,-80,-11.978
257,-82.4,-10.962
257,-82.6,-2.6924
257,-83.4,-3.6199
258,-69.2,5.8487
258,-69.4,15.039
258,-69.6,10.07
258,-69.8,10.912
258,-70.4,12.889
258,-71.2,10.661
258,-71.4,5.359
258,-71.8,9.6385
258,-72,2.3755
258,-74.2,4.5658
258,-74.4,-1.7461
258,-75,11.893
258,-76.4,-4.1773
258,-83,1.6048
258,-83.4,-2.8306
258,-83.6,-0.24076
259,-69.8,1.7073
259,-70.2,9.6063
259,-71,6.4749
259,-72.6,7.978
259,-73.2,7.1746
259,-74.4,1.1408
259,-75,2.58
259,-75.2,5.8141
259,-76.8,3.5601
259,-78.2,-2.0254
259,-86.6,0.56119
260,-71,0.92532
260,-71.2,4.9251
260,-72.4,0.83005
260,-72.6,3.996
260,-72.8,-0.92958
260,-73,-0.77011
260,-74.4,8.4387
260,-74.8,5.0789
260,-75.8,1.8043
260,-77.8,3.6114
260,-80.4,-6.2852
260,-81.4,-4.1926
260,-87.2,1.6866
261,-72.4,-2.2495
261,-73,-0.14266
261,-73.2,5.6816
261,-73.4,4.1802
261,-73.6,6.6187
261,-74.2,1.129
261,-75.4,-2.2392
261,-76.2,9.9433
261,-78.6,2.0728
261,-82.6,1.9644
261,-83,1.218
261,-83.8,-4.5064
261,-84.2,-5.3299
262,-72.4,-1.3577
262,-72.6,8.2613
262,-72.8,6.2555
262,-73,0.17145
262,-73.2,4.7181
262,-73.4,-3.1773
262,-73.6,0.42372
262,-73.8,4.4507
262,-75.4,2.6912
262,-75.8,-0.050987
262,-76,0.61909
262,-76.2,-4.7606
262,-78,9.7782
262,-78.8,-1.148
262,-79,11.508
262,-81.4,-6.8387
262,-81.6,-10.561
262,-82,1.2019
262,-83.8,3.014
263,-72.8,6.5691
263,-73,-1.7875
263,-73.2,7.5942
263,-73.4,0.099472
263,-73.6,4.1253
263,-73.8,-3.8376
263,-74,8.3799
263,-74.2,-4.1857
263,-74.4,-3.2429
263,-78.6,-1.3495
263,-81.6,-6.8411
263,-82,-3.0312
263,-82.2,-6.6076
263,-82.4,-4.0696
263,-82.6,-4.8097
263,-84,-1.1418
263,-85.4,-2.8739
264,-73.6,5.0146
264,-73.8,-3.2546
264,-74,-1.828
264,-74.2,1.4958
264,-75.2,-5.2961
264,-82.6,-3.9736
264,-83.2,-8.8424
264,-83.4,-5.8517
264,-86.2,9.9887
264,-86.4,10.72
265,-74.4,8.6482
265,-74.6,-7.0242
265,-75.8,1.7949
265,-76.4,1.7364
265,-76.8,2.0928
265,-77.6,-14.074
265,-78.2,-7.0974
265,-78.6,7.7197
265,-79.4,-0.74007
265,-83.6,2.1509
265,-84,-4.03
265,-85.2,9.9877
266,-75.2,4.7845
266,-77.2,8.7533
266,-78.2,-4.6526
266,-79.8,-2.8006
266,-80,4.7137
266,-80.8,5.6439
266,-81,-5.224
266,-83.4,-2.162
266,-85.2,7.9564
267,-77.6,-1.4626
267,-78.8,4.5586
267,-79.2,2.2154
267,-79.4,6.2626
267,-79.6,3.8978
267,-79.8,-1.0685
267,-80,4.35
267,-80.8,2.6688
267,-81.4,-2.6079
267,-82.2,-6.1896
267,-82.4,8.2661
267,-82.8,0.061145
267,-83.4,-0.56726
267,-84.2,1.3375
267,-86.2,-5.3659
268,-78,3.2767
268,-78.6,-3.2756
268,-78.8,-6.1671
268,-79,-3.3388
268,-79.2,-5.7199
268,-79.4,-1.3764
268,-79.6,-5.5054
268,-79.8,3.1332
268,-80,-5.1309
268,-80.2,-6.3681
268,-81,3.5395
268,-83,-5.0517
268,-83.4,-1.0079
268,-83.6,-0.4517
268,-86.6,6.8525
269,-78,-4.5021
269,-78.2,8.6636
269,-78.4,-4.9887
269,-78.6,2.6889
269,-78.8,-4.7407
269,-79,-0.30523
269,-79.2,5.1546
269,-79.4,-9.6878
269,-79.6,7.3912
269,-79.8,-3.7946
269,-80,-5.2315
269,-80.2,-2.6919
269,-80.4,-1.3598
269,-80.6,4.1808
269,-82.4,5.9224
269,-83.8,-3.7641
269,-84.4,17.798
270,-79,0.3406
270,-79.2,2.6187
270,-79.4,7.7287
270,-79.6,-0.77174
270,-79.8,-1.2241
270,-80,11.437
270,-80.2,6.2973
270,-80.4,10.937
270,-80.8,4.5675
270,-81.4,-1.3289
270,-81.6,-3.4164
270,-81.8,-11.499
270,-83.2,1.8258
270,-83.4,5.792
270,-83.6,6.1006
270,-83.8,-2.2091
270,-84,-4.8126
270,-84.6,2.3423
271,-80.2,-0.90851
271,-80.4,-4.575
271,-82.4,-4.5859
271,-83.4,-2.4127
271,-84.2,-9.9255
272,-82.6,0.96772
272,-84.6,-0.93848
