128,-82,57.304
128,-82.6,-13.035
129,-81,129.47
129,-82.6,-128.82
129,-83,333.01
129,-83.4,68.387
129,-84.6,-386.83
129,-85.6,-293.46
130,-80.8,206.89
130,-81.8,-31.564
130,-82.2,61.238
130,-85.2,-412.76
130,-85.4,-259.78
130,-85.8,-139.82
130,-86,-107.45
131,-78.8,90.148
131,-79.8,135.66
131,-80,149.82
131,-81.4,127.72
131,-81.8,312.41
131,-82.6,86.024
131,-84,243.23
131,-85.4,-481.73
131,-85.6,-261.86
131,-85.8,-148.93
131,-86.2,-161.16
132,-77.4,94.724
132,-77.8,-10.454
132,-78.6,94.859
132,-78.8,-60.57
132,-79,102.11
132,-81.2,277.75
132,-81.4,387.66
132,-81.6,-24.129
132,-81.8,326.98
132,-82,362.78
132,-82.4,412.04
132,-85.8,-100.42
132,-86,173.62
132,-86.2,-32.944
133,-76,345.98
133,-76.2,29.231
133,-78,1.183
133,-78.4,-70.612
133,-79.2,14.776
133,-85.4,-381.69
133,-85.8,-80.704
133,-86,51.038
133,-86.8,196.49
134,-75.2,541.53
134,-75.4,519.31
134,-76.6,-304.56
134,-77.6,-103.51
134,-77.8,-134.24
134,-78.2,-98.733
134,-81.6,22.047
134,-82.4,124.76
134,-85.4,-447.27
134,-85.6,-318.72
134,-86,-107.03
135,-74.8,391.91
135,-75,299.32
135,-75.4,62.468
135,-76.8,-176.18
135,-77.2,-239.98
135,-77.4,-187.19
135,-77.8,65.742
135,-78.6,3.2602
135,-80.4,228.06
135,-81.6,9.8379
135,-83.2,30.943
135,-85.2,-222.68
135,-85.6,-281.07
135,-85.8,-245.42
135,-86,-155.71
136,-74.2,-286.47
136,-74.4,31.401
136,-74.8,146.6
136,-75,-52.226
136,-76.6,-251.76
136,-77.4,-353.65
136,-78,-177.1
136,-78.4,-138.92
136,-80.8,136.64
136,-81.6,-12.163
136,-82,-178.63
136,-83.2,125.75
136,-84.4,-72.349
136,-84.6,-9.2651
136,-86.6,211.7
136,-87.4,281.33
137,-73,-781.04
137,-73.2,-716.11
137,-73.4,-577.42
137,-75,-2.0323
137,-76,177.16
137,-77.6,-125.72
137,-78.4,236.95
137,-80,231.24
137,-81.8,86.747
137,-82.2,70.172
137,-83,229.8
137,-85.6,-238.17
137,-86,-33.981
138,-73.4,-663.77
138,-73.6,-897.22
138,-76,-351.83
138,-76.2,-217.31
138,-76.4,-193.64
138,-78.2,-137.61
138,-78.4,-216.2
138,-78.8,-578.06
138,-81.4,-92.114
138,-81.8,-141.1
138,-83.6,180.01
138,-86.4,-42.184
139,-71.4,505.31
139,-72.6,-87.498
139,-72.8,-542.16
139,-73.8,-473
139,-74.2,-375.73
139,-74.4,-412.38
139,-74.6,-348.61
139,-75.6,-61.423
139,-75.8,-266.5
139,-77.6,-500.84
139,-80.8,122.46
139,-82.8,-260.88
139,-84.4,-105.45
139,-85,-238.26
139,-85.8,-161.38
139,-86,-60.929
139,-86.2,-46.464
139,-86.4,-154.96
140,-70.6,759.29
140,-70.8,1080
140,-71.8,420.14
140,-72.6,-127.7
140,-73,-87.14
140,-73.2,-452.96
140,-73.4,-447.45
140,-73.6,-652.5
140,-74.2,-188.54
140,-75,97.063
140,-76.8,-179.03
140,-77,-152.5
140,-78.4,-261.02
140,-79.6,-118.01
140,-80.6,32.364
140,-83.2,78.732
140,-85.8,-155.3
140,-86.4,3.6897
140,-86.6,157.25
140,-87,165.92
140,-87.2,-86.227
140,-87.4,319.88
140,-87.8,120.69
141,-69.8,455.85
141,-70,157.23
141,-70.2,485.41
141,-70.4,661.04
141,-70.6,696.86
141,-70.8,958.81
141,-71.6,553.66
141,-72,628.53
141,-72.8,-181.08
141,-73,-532.91
141,-73.8,-455.36
141,-74.2,-252.87
141,-74.4,-366.75
141,-74.8,-396.73
141,-75,120.05
141,-77.2,-74.785
141,-78.2,-505.14
141,-79.6,-17.428
141,-79.8,-431.67
141,-80,-152.14
141,-81.2,-163.62
141,-81.4,-15.351
141,-83.6,154.39
141,-85.2,-217.45
141,-86,180.59
141,-86.2,-152.09
141,-86.8,-48.75
141,-87.2,320.65
141,-87.6,139.97
142,-69.2,-472.02
142,-69.4,-747.63
142,-69.6,-93.921
142,-69.8,-50.446
142,-70,-44.896
142,-70.2,170.37
142,-70.4,20.986
142,-71.8,636.31
142,-72.2,605.79
142,-73.6,-357.38
142,-74,-629.24
142,-74.2,-363
142,-74.6,-240.07
142,-75.4,-90.784
142,-75.6,-352.21
142,-75.8,155.46
142,-76,45.561
142,-77,-18.358
142,-77.4,-147.43
142,-77.6,-172.68
142,-77.8,92.987
142,-78,-152.66
142,-78.2,-85.45
142,-80.4,-74.833
142,-82,-267.51
142,-82.6,-253.13
142,-86,-67.088
142,-87.8,27.568
143,-68.4,-291.94
143,-68.6,-754.93
143,-68.8,-583.21
143,-69,-666.88
143,-69.2,-642.76
143,-69.4,-737.12
143,-69.6,-608.55
143,-69.8,-690.78
143,-70,-651.4
143,-70.2,-381.52
143,-70.8,-11.475
143,-71.4,249.27
143,-71.6,314.42
143,-72,259.35
143,-72.2,336.27
143,-73.2,-374.36
143,-74,-451.4
143,-74.6,-343.97
143,-76.2,396.26
143,-78,-108.44
143,-78.6,-97.275
143,-81.8,-306.11
143,-83.8,102.98
143,-86.2,-148.26
143,-86.6,-63.787
143,-87,-27.415
143,-87.2,-4.2362
144,-68,312.75
144,-70,-948.65
144,-70.4,-634.25
144,-71,-541.02
144,-71.4,4.1149
144,-72,409.87
144,-72.4,80.493
144,-73.8,-263
144,-74,-518.29
144,-74.4,-208.44
144,-74.6,-346.19
144,-79.2,-114.81
144,-82.2,-152.35
144,-83,-165.15
145,-67.4,1256.4
145,-68.2,898.08
145,-68.6,91.636
145,-70,-1161
145,-71.6,-326.85
145,-76.2,45.887
145,-78,501.18
145,-82,-361.46
145,-83.8,-95.608
146,-66.8,1964
146,-67.2,2311.7
146,-67.4,2705.9
146,-68.4,1304.1
146,-71.6,-306.91
146,-72.8,79.817
146,-73,-21.292
146,-75.8,-74.481
146,-78.8,240.8
146,-88.2,57.932
147,-66.4,1436.5
147,-67,2385.9
147,-69.6,-207.76
147,-69.8,-24.249
147,-70,-448.01
147,-70.2,-345.48
147,-70.8,-1058.6
147,-71.2,-523.54
147,-71.4,-570.54
147,-73.6,-312.17
147,-74,-445.18
147,-83.2,-247.96
147,-83.8,-101.4
147,-85.8,-162.44
147,-86.4,-61.079
148,-65.2,383.12
148,-65.6,-49.891
148,-67,2577.5
148,-67.8,3235.5
148,-68.4,2970.2
148,-71.6,-126.83
148,-73.2,428.2
148,-73.6,2.7515
148,-74.6,-551.11
148,-75.6,-232.43
148,-76,22.008
148,-76.4,-175.21
148,-76.8,-5.3576
148,-77.4,584.72
148,-79.2,366.29
148,-79.8,-243.94
148,-80.8,-138.22
148,-85,78.065
149,-64.6,2480.3
149,-64.8,1844.1
149,-65,1460.4
149,-65.4,833.68
149,-65.6,480.36
149,-68.2,3123.2
149,-68.8,2930.7
149,-69,2219.7
149,-69.2,2280.7
149,-70.2,829.85
149,-71.4,-320.51
149,-72.2,414.78
149,-74,-5.4344
149,-74.2,-141.1
149,-77,169.94
149,-77.4,320.09
149,-77.8,405.47
149,-79,338.42
149,-82,-36.854
149,-84.8,195.82
150,-64,3582.1
150,-64.2,3154.8
150,-64.4,3018.3
150,-64.6,2758.1
150,-64.8,2486.7
150,-65.6,561.67
150,-66.4,-353.84
150,-67.4,802.18
150,-67.8,1301.7
150,-68.4,2333
150,-68.6,2521.1
150,-69.4,2009
150,-69.6,2105.2
150,-72,737.1
150,-75.4,-341.26
150,-76.6,-291.87
150,-81.4,197.81
150,-83.2,-362.13
151,-63.4,1174.7
151,-63.6,1841
151,-63.8,2255
151,-64,2486
151,-64.2,2780.5
151,-64.4,2824.7
151,-64.6,2578.5
151,-65.6,352.37
151,-65.8,-2.9325
151,-66,-553.67
151,-66.4,-880.58
151,-67,-907.55
151,-67.2,-707.9
151,-67.4,-315.51
151,-67.8,124.28
151,-68,664.37
151,-69.2,2358.2
151,-69.4,2140
151,-69.6,2196
151,-71,695.27
151,-72.6,1174.8
151,-75.2,510.29
151,-75.6,220.56
151,-76,345.46
151,-77.6,34.759
151,-78.2,832.84
151,-81.8,294.23
151,-84.8,-194.78
151,-85.4,-71.287
152,-62.8,-2474.2
152,-63,-2224
152,-63.2,-1324.3
152,-63.4,-816.25
152,-63.6,-133.73
152,-63.8,552.85
152,-64,891.21
152,-64.2,1533.8
152,-64.4,1758.5
152,-65.2,1096.4
152,-65.6,409.39
152,-67,-1725.5
152,-67.4,-1422.1
152,-68.8,914.11
152,-69.2,1567.4
152,-69.4,1535.7
152,-69.8,1611
152,-72.8,1008.9
152,-73.2,993.26
152,-74.8,578.36
152,-75.8,1023.4
152,-77.4,106.62
152,-79.4,254.59
153,-62.6,-4393.6
153,-63.6,-2192.8
153,-64,-549.43
153,-64.6,411.25
153,-65.8,-202.59
153,-66,-334.84
153,-69.2,574.6
153,-70.8,1181.7
153,-71,976.44
153,-73,1044.8
153,-73.6,752.23
153,-74.4,915.79
153,-75.2,1339.4
153,-76.8,558.17
153,-77.4,-115
153,-79.2,457.7
153,-81.2,522.73
153,-82.6,378.72
153,-84.4,-150.45
153,-86,-142.61
154,-61.8,-4203
154,-62.8,-4272.3
154,-63,-4234.4
154,-63.8,-2722
154,-64.6,-914.32
154,-64.8,-611.43
154,-65.8,-176.23
154,-66.6,-719.18
154,-70.4,1192.4
154,-70.6,875.37
154,-70.8,1068.5
154,-71,826.1
154,-71.4,749.05
154,-73.4,514.61
154,-74.4,889.42
154,-74.8,1339.5
154,-76.2,1418.9
154,-76.6,1039
154,-78,390.14
154,-78.2,116.84
154,-78.4,480.34
154,-79.6,84.509
154,-79.8,-120.52
154,-80.4,-176.47
154,-81,445
154,-83,-38.917
155,-61.8,-2119.2
155,-62.2,-2030
155,-63.2,-2896.2
155,-64.2,-2510.4
155,-64.4,-2408.5
155,-64.6,-1917.7
155,-65.6,-533.18
155,-66.4,165.72
155,-67,-153.84
155,-67.2,-452.62
155,-68,-1507.6
155,-68.4,-1592.4
155,-69.2,-871.5
155,-69.8,-52.585
155,-70.4,358.47
155,-71.6,678.49
155,-72.4,860.96
155,-74,355.41
155,-74.6,1133.1
155,-76.2,1912
155,-77.6,454.36
155,-78,517.82
155,-81.6,583.75
155,-82,868.42
156,-60.6,-1465.3
156,-60.8,-1039.5
156,-61,-764.82
156,-61.2,97.278
156,-61.4,475.73
156,-62.2,1022.5
156,-62.6,930.66
156,-63.2,-154.23
156,-64,-1956.4
156,-64.2,-2432.2
156,-68,-610.64
156,-68.2,-920.59
156,-68.4,-1352.1
156,-68.8,-1284.7
156,-70.6,-94.639
156,-72.4,348.45
156,-75.2,1881.8
156,-75.4,2430.4
156,-78,637.27
156,-80,-298.89
156,-80.6,-49.825
156,-80.8,137.96
156,-81.4,623.89
156,-85,49.734
156,-85.6,333.77
157,-60.2,-2207.7
157,-60.4,-1333.9
157,-60.8,512.64
157,-61.2,2212.6
157,-61.6,3900.2
157,-62.4,4961.5
157,-62.6,4372.3
157,-63.2,2637.5
157,-64.4,-2608.6
157,-65.6,-2221.8
157,-65.8,-1724.8
157,-66.8,1093.9
157,-67.4,1465.6
157,-68.2,-247.32
157,-68.4,-669.23
157,-70.6,-622.03
157,-72.6,56.157
157,-76.8,2010.3
157,-77.6,986.51
157,-78.2,486.44
157,-81.8,1091.1
157,-84.2,-302.74
158,-59.6,-4216.3
158,-59.8,-3340
158,-60.2,-1597.7
158,-60.4,-766.33
158,-60.6,640.57
158,-60.8,1822.3
158,-61,2749.1
158,-61.2,3828.8
158,-61.4,4918.3
158,-61.6,5732.3
158,-62,7038.8
158,-62.6,7250
158,-62.8,7094.9
158,-63.6,3228.2
158,-63.8,1756.4
158,-64,517.17
158,-66.2,-1463
158,-66.4,-710.8
158,-68.8,-1282.1
158,-69.8,-2003.5
158,-71.6,544.94
158,-72.6,45.999
158,-73.6,-1724.7
158,-74.6,-603.77
158,-76,2509.6
158,-80.8,-315.44
158,-82.6,612.54
158,-83.6,-335.58
158,-84.4,-641.2
158,-85.8,206.27
159,-59.2,-3820.8
159,-59.6,-3072.2
159,-59.8,-2449.2
159,-60.4,63.873
159,-60.6,1082.5
159,-60.8,2003.1
159,-61,3061.6
159,-61.2,4234.9
159,-61.4,5334.9
159,-62,7368.6
159,-63.2,6402.7
159,-63.6,4541.2
159,-64.8,-2853.2
159,-66.6,-1284.1
159,-67,701.77
159,-67.4,1587.7
159,-69.4,-2256.9
159,-71.4,400.23
159,-71.8,443
159,-73.6,-1738.4
159,-74.4,-2142.1
159,-75.4,1039.6
159,-75.8,1951.3
159,-77.6,1368.1
159,-79.4,-515.23
159,-80,-1162.4
159,-80.8,-467.2
159,-81,134.95
159,-82.2,1338.1
159,-84.8,-298.32
160,-58.8,-2208.6
160,-59,-2304.6
160,-60,-838.76
160,-60.8,1485.2
160,-61,2066
160,-61.2,2991.3
160,-61.4,3758
160,-61.6,4835.5
160,-61.8,5359.4
160,-63.2,6202.4
160,-63.6,4970
160,-63.8,4072.2
160,-64,2474.3
160,-64.8,-2335.6
160,-65,-3457.6
160,-66.8,-1170.1
160,-67.2,440.01
160,-68,1293.6
160,-70,-2122.7
160,-70.4,-1825.8
160,-71.2,-54.431
160,-74,-2661
160,-74.6,-2284.2
160,-74.8,-1764.2
160,-75.6,850.47
160,-76.4,2088.5
160,-78.4,1087
160,-79.2,-265.09
160,-80.6,-701.36
160,-81.4,351.88
160,-84.2,-429.89
160,-87.6,46.865
161,-61.6,2143
161,-62,2910.1
161,-63.6,3924.3
161,-64.8,-1087.7
161,-65.4,-3639.9
161,-67.2,-532.76
161,-68,1043.2
161,-68.4,944.25
161,-68.6,301.94
161,-69.2,-1242.4
161,-69.8,-1954.7
161,-70.6,-967.68
161,-71,-163.21
161,-71.4,639.49
161,-72,1378.8
161,-77,1836.4
161,-77.4,1967
161,-78,1645.3
161,-81.2,3.1469
162,-57.8,620.84
162,-58,528.47
162,-58.8,612.74
162,-60.2,-98.87
162,-60.6,-742.71
162,-60.8,-917.29
162,-61.8,-972.97
162,-63,1658.1
162,-64,2782.1
162,-64.4,2066.2
162,-65.6,-3564.9
162,-66,-4470.4
162,-66.8,-2642.6
162,-68.6,1075
162,-69.6,-1008.6
162,-70.4,-695.22
162,-70.6,-465.71
162,-71,291.44
162,-71.2,757.76
162,-71.4,799.19
162,-71.6,1464.1
162,-75,-2843.8
162,-75.2,-2630.7
162,-76.6,1365.5
162,-78.6,1199.2
162,-78.8,563.62
162,-80.4,-1622.3
162,-81.2,166.03
162,-81.6,1026.8
162,-88.4,8.7665
163,-57.2,60.351
163,-57.4,178.21
163,-57.6,473.84
163,-57.8,448.66
163,-58,514.5
163,-58.2,1021.1
163,-58.4,1037.3
163,-58.6,922.01
163,-58.8,922.01
163,-59,1066.8
163,-60.6,-1782.4
163,-61,-2520.4
163,-61.4,-2974.3
163,-61.6,-3085.8
163,-62,-3108.2
163,-64.2,2226.9
163,-64.6,1904.3
163,-66,-3520.9
163,-66.2,-3366.3
163,-67.6,502.51
163,-67.8,887.09
163,-70.6,-293.99
163,-72,1705.6
163,-72.4,1691.9
163,-72.6,1784.5
163,-76.2,-407.42
163,-80.4,-1823.7
163,-83.8,-693.24
163,-84,-428.35
163,-85.2,233.82
164,-56.8,-523.41
164,-57,-601.01
164,-57.6,-175.32
164,-57.8,64.27
164,-58,308.49
164,-58.2,515.63
164,-58.6,1340.4
164,-58.8,1310.6
164,-59.2,786.52
164,-60.6,-2127.4
164,-61.8,-4573.8
164,-62.8,-3737
164,-66,-1797.1
164,-66.2,-2177.4
164,-66.4,-2373.5
164,-66.8,-2243.7
164,-67.4,-234.04
164,-68.6,1911.6
164,-69.2,984.78
164,-69.8,197.3
164,-70.2,168.05
164,-71.4,767.94
164,-73,1704.5
164,-73.6,-223.95
164,-74.8,-4121.5
164,-75.6,-3341.3
164,-77.4,1333.6
164,-79,750.75
164,-80.2,-2026.5
164,-81.4,146.25
165,-56.4,-1509.4
165,-56.6,-1815.2
165,-56.8,-1231.5
165,-57,-1475.8
165,-57.4,-951.31
165,-57.8,-308
165,-58.2,297.7
165,-58.4,904.23
165,-58.6,988.34
165,-59,1240.9
165,-59.2,702.33
165,-59.4,243.88
165,-59.8,-461.7
165,-60.8,-2782.8
165,-61.8,-4225.6
165,-62.2,-4527
165,-63,-3370.7
165,-63.4,-2023.2
165,-65.2,1657.4
165,-65.6,505.25
165,-66,-486.36
165,-67.2,-506.63
165,-67.6,506.43
165,-68.2,1665.8
165,-68.4,1928.7
165,-68.6,2229.5
165,-68.8,1993.3
165,-69,1735.7
165,-69.4,1436.8
165,-69.8,955.63
165,-71,178.97
165,-71.8,639.01
165,-72,1328.4
165,-72.4,1715.7
165,-72.6,2148
165,-73.4,1331.2
165,-74.8,-3712.8
165,-79,998.27
165,-79.2,420.49
165,-80.4,-1734.8
165,-84.8,-119.12
165,-85.6,270.49
165,-87.4,-234.16
166,-56.2,-2042.9
166,-56.6,-1843
166,-56.8,-1872
166,-57,-1255.8
166,-57.4,-1089.7
166,-57.8,-636.75
166,-58.2,143.78
166,-58.4,754.53
166,-59,796.95
166,-59.6,-289.36
166,-60.4,-1981.8
166,-61,-2578.8
166,-61.8,-3217.2
166,-62.2,-3408.2
166,-63,-3005.4
166,-63.4,-1670.2
166,-63.8,-604.13
166,-64.6,2126.1
166,-65,1980.7
166,-65.4,1555.9
166,-65.6,674.14
166,-66.2,-633.81
166,-66.8,-1025.8
166,-67.4,136.19
166,-68.8,2162
166,-70,890.81
166,-71.6,278.75
166,-72.4,1554.1
166,-72.8,2007.2
166,-75.4,-4705.7
166,-77.2,-80.226
166,-77.6,913.37
166,-78.2,1764.5
166,-78.6,1678.6
166,-80.6,-2007.6
166,-81.4,-263.75
166,-85.6,358.34
167,-55.8,-1610.4
167,-56.4,-1581.3
167,-57.2,-1059.7
167,-57.4,-700.06
167,-57.8,-3.9393
167,-58.2,736.61
167,-60.4,-2446.2
167,-60.8,-2740.2
167,-62,-1890.3
167,-63.6,-771.52
167,-63.8,-551.7
167,-64.6,883.97
167,-65.8,357.05
167,-66.2,-299.5
167,-67,-218.03
167,-67.2,-80.287
167,-69.6,1778.8
167,-70,1122.5
167,-70.6,14.654
167,-70.8,-500.01
167,-71.8,-205.95
167,-72,20.88
167,-73.2,2562.1
167,-75.8,-5024.7
167,-76,-4786.5
167,-76.2,-4278.3
167,-77.2,-961.61
167,-79.4,142.7
167,-82.4,1930.7
167,-82.6,2247.9
167,-85.6,323.93
168,-55.2,397.04
168,-55.6,-142.31
168,-56,-485.67
168,-56.2,-490.08
168,-56.6,-747.5
168,-56.8,-821.24
168,-57.2,-194.07
168,-59.6,-2159.8
168,-61.6,-1474.4
168,-62.8,-747.59
168,-63.2,-562.15
168,-65.2,531.09
168,-65.6,-25.451
168,-66.2,-409.91
168,-67.2,491.43
168,-67.4,988.06
168,-67.6,1460.4
168,-68,1873.6
168,-68.2,2306.7
168,-68.4,2755.5
168,-68.6,2662.9
168,-68.8,2992.2
168,-69.6,2115.8
168,-69.8,1548.1
168,-70.2,1095.8
168,-72.8,1774.2
168,-73,2196
168,-74.4,-694.06
168,-74.6,-1749.2
168,-75,-3404.2
168,-78.2,1430
168,-79.2,1000
169,-54.8,2523.6
169,-55.2,1845.3
169,-55.6,1385.2
169,-55.8,985.66
169,-56,677.49
169,-58,-391.01
169,-58.6,-1186.3
169,-59,-1888
169,-59.4,-2873.3
169,-59.6,-3303.5
169,-60.8,-3518.5
169,-62.2,360.67
169,-62.4,707.57
169,-62.8,361.36
169,-63.6,-93.482
169,-64.4,-463.8
169,-64.6,-610.21
169,-65,-536.96
169,-65.2,-540.04
169,-65.4,-370.01
169,-66.4,-486
169,-70.6,89.531
169,-72.6,646.91
169,-73.4,2704.6
169,-74,1716.1
169,-74.2,627.76
169,-74.8,-2053.4
169,-75.2,-3925.8
169,-75.8,-5287
169,-77,-2858
169,-77.2,-2576
169,-78.4,1615.8
169,-79.8,-447.99
169,-81.2,-922.14
169,-83,1564.9
170,-54.4,3712.7
170,-54.6,4044.6
170,-54.8,3459.4
170,-55,3177.5
170,-55.6,2093.5
170,-55.8,1683.1
170,-56.8,-431.04
170,-57.4,-1208.4
170,-58,-1486
170,-60.6,-3683.1
170,-61.4,-417.81
170,-61.8,889.52
170,-62.2,1495.7
170,-63.4,-318.61
170,-64.8,-1583.9
170,-65,-1633.3
170,-65.4,-1686.2
170,-65.6,-1437.1
170,-67.2,1678.6
170,-67.8,3041.5
170,-69.2,4059.3
170,-71.4,-1586.5
170,-72.6,545.54
170,-73,1619.8
170,-74.2,1314.8
170,-75.4,-4208
170,-75.8,-5243.4
170,-77.8,-517.36
170,-79.2,1662.5
170,-81.4,-358.55
170,-81.8,1239.7
170,-83.2,1133.6
170,-87.2,-504.49
171,-54.2,4553.1
171,-54.4,4545.6
171,-54.6,4237.4
171,-54.8,4099.1
171,-55,4166.5
171,-55.6,2435.1
171,-56.2,92.952
171,-56.6,-1102.3
171,-57.2,-2400.6
171,-57.4,-2640.7
171,-57.8,-2331.9
171,-58.8,-3245.4
171,-59,-3307.5
171,-60,-3811.2
171,-61,-1041.3
171,-61.6,1311.1
171,-61.8,1771.9
171,-62.2,2194.8
171,-65,-2810.6
171,-66.6,-327.19
171,-66.8,245.25
171,-68,4148.7
171,-68.4,4551.6
171,-69.2,4752.6
171,-69.8,3558.4
171,-70.2,2513.6
171,-70.4,1897.7
171,-70.6,1396.5
171,-71,15.238
171,-71.4,-1291
171,-72.8,860.31
171,-73.2,2228.1
171,-73.4,2449.7
171,-73.6,2690.4
171,-76.4,-5297.4
171,-77,-4270.6
171,-77.2,-3510.9
171,-78,5.1988
171,-78.8,2396.8
171,-79.4,1308.1
171,-85.8,722.97
172,-53.8,3714.6
172,-54,4017.4
172,-54.2,4277.2
172,-54.4,4596.1
172,-54.6,4443.1
172,-54.8,4094
172,-55,3715.9
172,-56.2,-1215.8
172,-56.6,-2400.7
172,-56.8,-3083.3
172,-57.8,-3678.3
172,-58.2,-3390.8
172,-59,-2706.8
172,-59.4,-2518.8
172,-59.6,-2467.6
172,-60.2,-1910.6
172,-60.4,-1585.7
172,-60.6,-621.21
172,-60.8,1.6021
172,-61.6,2588.2
172,-63.2,-363.54
172,-63.4,-1325.1
172,-65.4,-2893.4
172,-68,4341.3
172,-69,5463.5
172,-70.4,2533.2
172,-71.4,-449.02
172,-72.2,-889.88
172,-72.4,-527.16
172,-72.8,681.08
172,-73,1318
172,-74.6,617.11
172,-75.6,-3565.9
172,-75.8,-4077
172,-76.2,-5097.3
172,-76.6,-5209.1
172,-79.6,702.52
172,-79.8,92.377
172,-81.8,1169.6
172,-88,-78.648
172,-88.4,196.78
173,-53.4,2453.4
173,-53.6,3006.5
173,-53.8,3588.5
173,-54,4089.2
173,-55,3705.4
173,-56.4,-2634.9
173,-57,-3923.5
173,-57.2,-3730.7
173,-58.6,-1545.6
173,-59,-1315.2
173,-59.6,-964.69
173,-59.8,-1149.5
173,-62.6,2355.1
173,-62.8,1586.6
173,-63.6,-2151.2
173,-63.8,-3125.8
173,-66,-2231.5
173,-67,234.01
173,-67.2,892.32
173,-68.8,5044.8
173,-69.2,5137.2
173,-71,1334.1
173,-71.4,314.4
173,-71.8,-693.72
173,-72.6,203.14
173,-74,2699.6
173,-74.8,503.98
173,-75.4,-1938.8
173,-76.8,-4857.6
173,-78.6,1639.9
173,-78.8,1979.4
173,-81.6,577.4
173,-83.6,-240.74
174,-53.6,2968.3
174,-53.8,3774.5
174,-54,3964.7
174,-55,3435.5
174,-55.2,2430.2
174,-56.4,-2653.9
174,-56.6,-2827.3
174,-56.8,-3467.1
174,-57.4,-3264.2
174,-57.8,-2114.8
174,-58.6,-220.78
174,-59.8,174.64
174,-62.8,1847
174,-63,924.27
174,-66.6,-1787.5
174,-67,-614.66
174,-69.2,4727.6
174,-69.4,4785.1
174,-69.6,4697.3
174,-69.8,4397.6
174,-70,4573
174,-70.4,3455
174,-71,2128.6
174,-71.6,610.89
174,-73.6,1966.5
174,-74.2,2374.9
174,-74.4,1878.8
174,-74.6,1710.6
174,-74.8,1162.9
174,-77.2,-4403.4
174,-78,-1183
174,-78.6,1345.3
174,-80,175.53
174,-80.6,-1364.3
174,-81.8,1338.4
174,-83.4,730.62
174,-87.6,-217.12
175,-53,1355.7
175,-54,4518.6
175,-54.2,4538
175,-54.4,4752
175,-54.8,4024.6
175,-57.8,-682.63
175,-58.8,818.55
175,-60.2,195.53
175,-61.8,4186.5
175,-62.2,4128.6
175,-63,1662.4
175,-63.6,-951.94
175,-63.8,-1502.1
175,-64,-1876.5
175,-65.2,-2381.5
175,-65.4,-2465.6
175,-66.2,-2583.1
175,-66.8,-2241.8
175,-67.4,-1374
175,-67.6,-919.04
175,-67.8,36.671
175,-68.2,1153.1
175,-69.4,3820.8
175,-71.6,1116.1
175,-72,476.55
175,-73,1009.9
175,-73.4,1570.3
175,-74.6,1787.4
175,-75.4,-490.34
175,-76.4,-3926
175,-77,-4927.4
175,-77.2,-4508.8
175,-77.4,-4101.5
175,-79.4,2019.4
175,-80.6,-1016
175,-83.8,-339.99
175,-84.2,-852.6
175,-85.8,768.23
176,-52.6,-111.39
176,-53,1492.9
176,-55.6,2055
176,-56.2,-33.556
176,-58,1175.7
176,-59.6,-145.11
176,-60,-889.48
176,-60.6,-128.32
176,-60.8,450.53
176,-61.4,2416.1
176,-62.6,3187.5
176,-64.2,-1203.8
176,-64.4,-1586.3
176,-65,-1548.4
176,-66,-2468.5
176,-66.2,-2464.5
176,-66.6,-2995.3
176,-67.4,-2631.3
176,-67.8,-1793.6
176,-68.6,409.5
176,-71.4,2279.1
176,-72.4,578.67
176,-75.4,439.2
176,-75.6,-578.41
176,-76.2,-2667.9
176,-78.6,1268.6
176,-79.6,1749
176,-80.2,-225.68
176,-82,2279.2
177,-52.4,-252.61
177,-53.2,2803.8
177,-53.8,4717.9
177,-54.2,5265.4
177,-54.8,5310.5
177,-56,1480
177,-57,-247.92
177,-58.2,1061.1
177,-58.8,757.76
177,-59,521.02
177,-59.2,-165.99
177,-59.8,-1690.4
177,-60.2,-1808.7
177,-60.8,-1118.6
177,-62,2710.8
177,-63.8,266.72
177,-64,-0.55755
177,-65,-764.43
177,-65.2,-633.57
177,-66.6,-3418.2
177,-68.2,-2534.7
177,-69.2,861.97
177,-69.4,1522.3
177,-69.6,2078.2
177,-69.8,2715.2
177,-73.8,1497.7
177,-75,1332.1
177,-75.2,1150.1
177,-75.6,284.97
177,-78,-1970.4
177,-78.2,-1264.6
177,-78.6,894.04
177,-79.2,2284.8
177,-80,465.86
177,-81.2,-279.72
177,-81.8,1579.6
177,-82,2392
177,-82.8,2256
178,-52.4,1137
178,-52.8,2141.3
178,-54,5340.4
178,-54.6,5460.8
178,-54.8,5462.5
178,-55,5055.8
178,-55.2,4432.4
178,-55.6,3165.9
178,-56.2,1149.6
178,-56.8,-154.89
178,-57.8,50.822
178,-58.6,51.778
178,-60,-2864
178,-60.2,-2936.8
178,-61.8,1183.1
178,-62.2,2060.1
178,-62.4,2314.3
178,-63,1981.3
178,-63.6,637.47
178,-64.8,-271.87
178,-66.2,-2120.5
178,-67.6,-4327.3
178,-69,-1451.6
178,-69.8,1590
178,-70.8,3286.5
178,-71.6,2040.4
178,-73.8,1304.3
178,-74,1323.8
178,-76,-645.2
178,-76.4,-2083.4
178,-77.4,-4274.1
178,-78.8,1173.7
178,-79.8,1319.4
178,-81.6,1168
178,-83.4,404.52
178,-83.6,-171.85
178,-85.4,588.69
179,-52.2,1793
179,-53,3961.6
179,-53.4,4615.6
179,-53.6,4964.3
179,-53.8,5209.3
179,-54,5757.3
179,-54.8,5542.1
179,-57,-701.74
179,-57.2,-750.06
179,-57.4,-1215.4
179,-58.2,-910.06
179,-58.4,-935.83
179,-59.2,-2058.8
179,-60.2,-3147.2
179,-62,561.95
179,-62.6,1596
179,-62.8,1586.6
179,-64,73.765
179,-64.2,-635.08
179,-64.4,-523.87
179,-64.6,-509.5
179,-65.4,-484.22
179,-67,-3095.6
179,-67.4,-4048.6
179,-67.6,-4473.1
179,-67.8,-4124.7
179,-68,-4015.1
179,-72,1462.9
179,-73.2,437.59
179,-74.2,805.92
179,-74.6,1411.5
179,-74.8,1331.2
179,-75.6,1138.9
179,-77.6,-4126.4
179,-79.6,1737.8
179,-79.8,970.71
179,-80.4,-388.22
179,-86,593.22
179,-88.4,-22.014
180,-51.4,1689.4
180,-51.6,2110.2
180,-52,2327.8
180,-52.4,2850.2
180,-53.2,4304.1
180,-53.8,5077.2
180,-54,5354.3
180,-54.2,5475.7
180,-54.8,4956.1
180,-55.2,4195.2
180,-55.4,3168.5
180,-56,1100.4
180,-56.6,-1022.3
180,-56.8,-1398
180,-58.2,-1469.5
180,-58.4,-1592.3
180,-58.6,-1771.9
180,-59.2,-1603.6
180,-60.2,-3054.1
180,-61.4,-1332.6
180,-62,-30.382
180,-62.2,449.1
180,-62.8,906.26
180,-63,871.71
180,-63.2,113.43
180,-64.6,-1097.6
180,-65.8,-817.13
180,-67,-2109.6
180,-68.4,-3776.5
180,-69.2,-2041.9
180,-69.4,-1419.5
180,-70,549.94
180,-70.4,1432.9
180,-74.4,1043.7
180,-75.6,1169.6
180,-80.2,208.83
180,-84.6,-565.76
180,-85,270.09
181,-51.6,1771.1
181,-51.8,2110
181,-53.2,3855.6
181,-53.6,4703.5
181,-55.4,2300.3
181,-55.8,797.09
181,-56.6,-1546
181,-57.4,-2080.7
181,-60,-1948.2
181,-60.8,-2513.3
181,-61.6,-1268.7
181,-62.4,73.071
181,-62.8,391.86
181,-64.2,-1596.6
181,-65.2,-1669.4
181,-65.8,-629.72
181,-66.2,-407.75
181,-66.4,-223.54
181,-67.2,-1156
181,-68.4,-3307.5
181,-70.8,1258.4
181,-71.4,877.11
181,-71.6,713.98
181,-73.4,-167.4
181,-78,-3307.3
181,-78.6,-658.7
181,-81,20.017
181,-82.6,2743.9
181,-83.6,-198.58
182,-51,592.15
182,-51.2,627.67
182,-52.4,2253.8
182,-53.8,3893.6
182,-54.2,4120.1
182,-55.4,1334.9
182,-55.6,746.77
182,-55.8,260.01
182,-56.2,-1027.3
182,-56.4,-1542.7
182,-57.4,-2127.7
182,-57.6,-1589.4
182,-59,417.84
182,-59.8,-380.81
182,-61.8,-818.54
182,-63.2,-315.41
182,-65.4,-1992.3
182,-65.6,-1452.4
182,-66.6,377.49
182,-67,231.71
182,-67.4,-222.71
182,-68.6,-2364.3
182,-68.8,-2396.6
182,-69.2,-2032
182,-69.8,-1263.9
182,-72.4,129.82
182,-72.8,-36.056
182,-74.2,132.73
182,-74.4,415.87
182,-76.4,-1013.2
182,-76.6,-1950.2
182,-82.4,2760.3
182,-83.6,-498.29
182,-85.2,434.25
182,-87,-473.21
183,-50.8,-1019.5
183,-51,-598.58
183,-51.4,10.379
183,-53,1629
183,-53.2,2071.8
183,-53.4,2103.7
183,-54.6,2488.6
183,-54.8,2302.1
183,-55,1950.9
183,-57,-2040.8
183,-57.4,-1410.7
183,-57.6,-1251.7
183,-59.8,621.22
183,-60.2,-121.77
183,-60.6,-1326.5
183,-61.6,-1197.9
183,-63,-680.4
183,-63.4,-1292.6
183,-63.8,-2454.1
183,-64.6,-3987.7
183,-64.8,-3870.6
183,-65,-3476.8
183,-65.2,-3382
183,-65.4,-2861
183,-66.2,228.02
183,-66.4,666.74
183,-67.8,-275.42
183,-68.4,-1310.9
183,-68.8,-2113.5
183,-70.2,-374.26
183,-70.6,-313.22
183,-70.8,-220.26
183,-73,257.52
183,-73.2,302.67
183,-74.4,6.278
183,-75.2,816.1
183,-75.6,833.57
183,-77.2,-3840
183,-79.2,805.32
183,-80,100.72
183,-84.4,-834.74
184,-50.6,-1962.7
184,-50.8,-1742.3
184,-51.2,-982.47
184,-52.6,463
184,-53,980.22
184,-53.2,972.94
184,-53.4,1128
184,-54.8,1415.2
184,-55.2,445.88
184,-55.4,100.12
184,-57.2,-1789.3
184,-57.6,-920.39
184,-58.2,998.95
184,-59.4,1762.7
184,-60.2,-11.912
184,-61.2,-1846.5
184,-61.4,-1638.3
184,-62.4,-969.17
184,-63,-1206.7
184,-63.4,-1957.8
184,-64.6,-4399.5
184,-65.4,-3397
184,-65.6,-2721.9
184,-66,-1091.5
184,-66.2,-367.03
184,-66.4,789.02
184,-66.6,1177.5
184,-67.4,1581.8
184,-67.6,1343.3
184,-69.4,-1295.2
184,-69.6,-1215.2
184,-69.8,-1200.7
184,-70.6,-829.07
184,-70.8,-869.67
184,-71.4,-951.99
184,-72.4,-291.12
184,-74,-69.731
184,-75.4,610.06
184,-76.2,-455.12
184,-80.8,-389.83
184,-82.2,2979.8
184,-82.4,2916.9
184,-86,282.75
185,-50.4,-2554.7
185,-50.8,-1943
185,-51.4,-913.58
185,-52.8,-196.18
185,-53,-58.293
185,-54.2,287.23
185,-55.6,-1147.2
185,-56.4,-2110.1
185,-57,-2170.4
185,-57.2,-1910.6
185,-58.8,1276.4
185,-59,1539.6
185,-60.4,-677.72
185,-61.4,-2386.5
185,-61.6,-2282.8
185,-62.2,-1887.4
185,-62.4,-1518.7
185,-62.8,-1263.3
185,-63.4,-2000.1
185,-64,-3668.6
185,-64.2,-4020.3
185,-64.6,-4507.3
185,-65.8,-2206.8
185,-66.2,-151.15
185,-67.4,2215.1
185,-69.4,-967.98
185,-69.6,-1047.4
185,-71.2,-1574.3
185,-71.6,-1255.8
185,-72,-1191.8
185,-74.6,-128.66
185,-75.2,202.53
185,-78.6,-1117.9
185,-84,-1210.8
185,-88.6,231.08
186,-50.4,-2195.3
186,-50.6,-1561.3
186,-50.8,-1193.8
186,-51,-658.4
186,-51.2,-482.16
186,-51.6,-0.6921
186,-52.2,8.6676
186,-52.4,149.93
186,-52.8,-442.02
186,-53.6,-971.54
186,-55.2,-74.696
186,-55.4,-675.25
186,-56.2,-1277.9
186,-56.6,-2223.5
186,-56.8,-2140.4
186,-57.2,-2077.1
186,-57.4,-1923.1
186,-57.6,-1942.3
186,-57.8,-1674.1
186,-61,-1890.2
186,-61.2,-2158.4
186,-61.4,-2260.2
186,-63.8,-2514.5
186,-64.2,-3390.8
186,-64.4,-3735
186,-64.6,-4188.5
186,-65.2,-3846.1
186,-65.6,-2535.4
186,-66,-1022.1
186,-66.2,19.644
186,-68,1481.6
186,-68.2,1105.4
186,-69.2,-179.23
186,-69.6,-268.25
186,-70.2,-587.05
186,-71.2,-1990.1
186,-75.4,258.83
186,-77.6,-3932.3
186,-78,-3373.7
186,-78.4,-2163.5
186,-79.6,157.91
186,-79.8,-197.34
186,-83,1103.9
186,-85.6,773.66
187,-50.2,-1337.2
187,-50.6,-690.62
187,-51.6,640.61
187,-52.4,185.76
187,-52.8,-510.59
187,-53.6,-1055.9
187,-54.2,-865.89
187,-54.4,-797.45
187,-55.4,242.23
187,-55.6,-43.057
187,-56.4,-547.37
187,-57.4,-1672.9
187,-57.6,-2083.4
187,-58,-2186
187,-59.2,-822.09
187,-61.6,-1620.1
187,-64.8,-2574.2
187,-65,-2896.9
187,-65.2,-2875.3
187,-65.6,-1791.6
187,-67,2793.9
187,-68,1670.4
187,-68.4,1053.5
187,-68.6,986
187,-69,370.43
187,-69.8,-134.93
187,-71.6,-2101.7
187,-73.6,649.57
187,-75.2,461.71
187,-75.4,536.71
187,-76.4,-1461.1
187,-77.4,-3837.1
187,-79.2,-251.8
187,-80.2,-698.23
187,-81,-99.11
187,-84.8,-288.57
187,-87.2,-475.54
188,-50,91.663
188,-50.2,-182.95
188,-50.4,262.89
188,-50.6,349.95
188,-51.2,1163
188,-51.8,1053.3
188,-52.4,482.88
188,-52.6,25.567
188,-52.8,-239.79
188,-53.2,-630.32
188,-53.4,-643.74
188,-54.4,85.208
188,-54.6,408.85
188,-54.8,900
188,-56.2,1284.6
188,-57.6,-1285.8
188,-57.8,-1761.6
188,-58,-1910.6
188,-60.4,-152.03
188,-61.4,-393.48
188,-62,-77.908
188,-66,472.41
188,-66.6,1820.7
188,-66.8,2352.8
188,-68.4,1464.4
188,-69.6,799.31
188,-69.8,1009.2
188,-70,600.58
188,-71,-1790.7
188,-73.2,653.97
188,-73.8,911.92
188,-74.8,344.08
188,-79.2,-490.47
188,-79.8,-633.39
188,-82.2,2662.7
188,-82.8,1399.2
188,-86,526.03
189,-49.8,-44.629
189,-50,-157.6
189,-50.2,27.18
189,-50.4,521.9
189,-50.6,715.24
189,-50.8,603.49
189,-51,555.66
189,-51.8,472.68
189,-52.4,-98.961
189,-52.8,-269.61
189,-54,208.53
189,-54.4,1127.7
189,-54.8,1243.7
189,-55.4,2211.6
189,-55.8,2289.5
189,-56,2160.4
189,-56.2,2072.9
189,-57.6,-681.85
189,-58.4,-1647.1
189,-59.4,177.13
189,-59.6,63.071
189,-60,760.04
189,-60.4,736.76
189,-61,1127.9
189,-61.6,1167.6
189,-61.8,960.42
189,-62,1535.1
189,-64,2122.4
189,-64.4,1502.9
189,-64.6,1215.4
189,-65.6,617.33
189,-65.8,554.68
189,-66,1234.9
189,-66.4,1699.6
189,-66.6,1776.3
189,-67.2,2414.3
189,-69.2,1698.6
189,-72.2,-1341.2
189,-72.4,-679.85
189,-73.4,1222.2
189,-74,1002.8
189,-75.2,510.89
189,-76.4,-1595.7
189,-76.6,-2228.9
189,-77.2,-3434.9
189,-77.6,-3804.4
189,-77.8,-3648.4
189,-78,-2933.2
189,-81,-269.24
190,-49.6,-297.41
190,-49.8,-186.53
190,-50,-212.51
190,-50.2,-145.84
190,-50.4,-408.96
190,-50.6,-112.7
190,-50.8,16.823
190,-51,-109.51
190,-51.2,139.07
190,-51.4,-90.386
190,-52.8,-576.47
190,-53,-350.36
190,-53.6,-328.61
190,-54.4,482.2
190,-54.8,1263.1
190,-55.4,1914.7
190,-55.6,2195.6
190,-55.8,2159
190,-56.2,2045
190,-57.2,684.68
190,-58,-1053.3
190,-59.2,-189.11
190,-59.4,279.31
190,-59.6,847.92
190,-60,1237.9
190,-61,2058.6
190,-61.6,1715.7
190,-62.4,3052.3
190,-62.8,3331.6
190,-64.4,2830.8
190,-64.8,2148.1
190,-66,1198.9
190,-66.2,1269.9
190,-66.4,1336.1
190,-66.8,1325.9
190,-67.2,1277.8
190,-68.6,1177.2
190,-69.2,1464.8
190,-69.6,2120.7
190,-70.6,98.433
190,-70.8,-639.35
190,-71.4,-1398.1
190,-71.6,-1791.6
190,-71.8,-1590.8
190,-72,-1483.2
190,-74.2,1246.2
190,-79.6,-688.03
190,-80.6,-1047.5
190,-81.6,1528.3
190,-82,2174.5
190,-83.4,-893.49
190,-85.2,159.26
191,-49.6,-805.79
191,-49.8,-807.06
191,-50,-1196
191,-50.2,-1027.6
191,-50.4,-1003.3
191,-50.6,-1324.7
191,-50.8,-1131.2
191,-51,-1104.3
191,-51.2,-958.71
191,-52.8,-1083.5
191,-53,-944.97
191,-53.6,-618.3
191,-57.2,-69.691
191,-58,-663.05
191,-58.2,-990.75
191,-58.4,-1145.6
191,-58.8,-563.68
191,-59,-103.77
191,-59.2,211.9
191,-59.6,1007.5
191,-60.2,1691
191,-60.4,1902.1
191,-60.8,1893.8
191,-61.4,1850.5
191,-62,2302.3
191,-62.4,2466.8
191,-62.6,2967.6
191,-65,2084.1
191,-65.6,1339.9
191,-66.2,1062.5
191,-67,439.93
191,-67.2,146.01
191,-67.6,187.7
191,-68.8,962.01
191,-69,1077.9
191,-69.4,1554.7
191,-70.2,1735
191,-71.2,-804.78
191,-73.6,1470.1
191,-74,1331.2
191,-74.8,1403.9
191,-75.2,996.53
191,-75.4,763.11
191,-77.4,-3195.6
191,-79.6,-1153.2
191,-81.2,379.1
191,-81.8,1860.6
191,-82.8,987.17
191,-83.6,-963.41
191,-85.2,630.74
191,-85.4,707.92
191,-85.6,802.18
192,-49.4,-1067.4
192,-49.8,-1373.2
192,-50,-1618.7
192,-50.2,-1842.1
192,-50.4,-1857.9
192,-50.6,-1837.8
192,-50.8,-2197.7
192,-51.2,-1803
192,-51.8,-1580.7
192,-52.2,-1331
192,-53.6,-707.63
192,-53.8,-630.02
192,-54,-303.18
192,-54.2,-240.14
192,-54.8,583.45
192,-55.2,641.44
192,-55.4,780.95
192,-55.6,733.18
192,-56.8,-323.76
192,-57.4,-1188.6
192,-57.8,-1424.9
192,-58,-1447.8
192,-58.6,-940.2
192,-58.8,-517.81
192,-59.6,649.76
192,-60,1194.4
192,-60.4,1385.4
192,-61.4,1144.3
192,-61.8,976.13
192,-63,2319.8
192,-63.2,2512.9
192,-63.4,2730.3
192,-64.6,1973.8
192,-64.8,1949.8
192,-68,-502.91
192,-68.4,-56.392
192,-68.8,356.96
192,-69.2,1165.8
192,-69.6,1819
192,-69.8,2125.3
192,-70.4,1288.1
192,-70.6,922.42
192,-71.6,-596.33
192,-71.8,-881.94
192,-74.6,1363.4
192,-77,-2621.2
192,-77.2,-2735.8
193,-49.6,-1741.9
193,-49.8,-1899.6
193,-50,-2225
193,-50.2,-2636.1
193,-50.4,-2568.2
193,-51.6,-1448.4
193,-52.2,-950.28
193,-52.4,-312.04
193,-52.6,-142.47
193,-53.4,495.42
193,-53.6,505.78
193,-55.6,1050.6
193,-55.8,780.69
193,-56.2,94.06
193,-56.4,-393.67
193,-56.6,-894.21
193,-56.8,-1198.9
193,-57,-1731.8
193,-57.2,-2094.2
193,-57.8,-1862.6
193,-59.2,414.56
193,-59.6,626.91
193,-59.8,585.46
193,-62.2,194.44
193,-62.4,397.05
193,-62.6,492.48
193,-64.4,1297.2
193,-65.2,1023.5
193,-67.4,-943.77
193,-70,1625.6
193,-70.4,1319.7
193,-70.6,1031.2
193,-72.2,104.09
193,-72.4,198.85
193,-72.6,514.77
193,-73.2,1176.5
193,-73.4,1227
193,-73.8,1540.4
193,-75.2,1420.3
193,-76,-113.28
193,-76.4,-958.78
193,-76.8,-2257.6
193,-78,-2200.5
193,-79.2,-745.02
193,-79.6,-927.15
193,-83,-173.76
194,-49.4,-1737.5
194,-49.6,-2252.7
194,-49.8,-2366.8
194,-50,-2831.7
194,-50.2,-3039.3
194,-50.4,-3039.7
194,-53.4,2722.5
194,-53.8,3038.5
194,-54.2,3196.1
194,-54.6,3681.6
194,-54.8,3352.6
194,-55.2,3217.8
194,-55.4,2665.5
194,-57.2,-2381
194,-57.4,-2629.1
194,-58.8,-324.9
194,-60.8,-986.53
194,-61.6,-1358.6
194,-61.8,-1386.6
194,-62.2,-855.44
194,-62.4,-754.71
194,-62.8,-627.96
194,-64.8,5.1798
194,-66,344.51
194,-66.2,269.88
194,-67,-627.78
194,-67.8,-1388.2
194,-68.8,60.477
194,-69,419.12
194,-69.4,1277.6
194,-69.6,1147.1
194,-70.6,897.99
194,-71.4,-164.54
194,-71.8,-93.69
194,-72,275.56
194,-72.6,311.83
194,-74.6,1214.7
194,-76.4,-631.25
194,-77,-2466.6
194,-78.4,-1249.6
194,-79,-1233.7
194,-80.4,-1501.9
194,-81,-92.206
195,-49.2,-2015.3
195,-49.4,-2651.3
195,-49.6,-2970.8
195,-50,-3335.1
195,-54,4912.9
195,-54.8,5375
195,-55.6,3487.3
195,-56.6,-1417
195,-57.2,-3673.5
195,-58.4,-1223
195,-58.6,-492.96
195,-59.2,992.7
195,-59.8,287.97
195,-60.4,-1039.1
195,-61.4,-2088
195,-61.6,-1813.8
195,-62,-1270.9
195,-64.2,-1190.4
195,-64.6,-425.55
195,-65.2,346.05
195,-65.4,538.57
195,-65.6,440.37
195,-67.8,-726.28
195,-68.2,-776.58
195,-68.4,-404.03
195,-68.6,-175.39
195,-68.8,117.19
195,-69.4,1090.9
195,-70,1313.9
195,-70.2,1068.2
195,-71.4,391.96
195,-71.8,708.73
195,-73.8,1038.9
195,-75.4,1596.3
195,-75.8,1157.2
195,-77.4,-2398.5
195,-78,-1517.3
195,-80,-1630
196,-49.2,-1983.5
196,-49.6,-2949.5
196,-50,-3095.6
196,-50.2,-2990.6
196,-50.4,-3106.8
196,-50.6,-2866.9
196,-50.8,-2587.1
196,-51.2,-1455.3
196,-51.4,-1134.7
196,-52,644.29
196,-52.2,1737.2
196,-52.4,2113.9
196,-52.6,2468.4
196,-53.8,4801.9
196,-54,5575.6
196,-54.2,6036.9
196,-54.4,6169.3
196,-54.6,6214.2
196,-54.8,6132.6
196,-55.8,2320.3
196,-56.8,-4271.5
196,-57.8,-4062.8
196,-58.2,-2376.9
196,-58.8,114.17
196,-61,-1889.4
196,-62.2,-713.59
196,-62.4,-434.02
196,-62.6,-289.67
196,-63.6,-943.73
196,-64.6,-1055
196,-65,-223.7
196,-66.8,165.99
196,-67.4,-443.89
196,-68,-616.02
196,-68.6,158.71
196,-68.8,610.1
196,-69.2,1107.7
196,-70.8,688.12
196,-72.6,597.38
196,-75.2,1633.8
196,-78.6,-1452.4
196,-81.4,1069
196,-82.8,288.74
196,-85,348.32
197,-49.2,-1630.3
197,-49.4,-1750.3
197,-49.6,-1543.7
197,-49.8,-2087.9
197,-50,-1628.6
197,-50.2,-1821.3
197,-50.6,-1474.4
197,-51.6,626.98
197,-53.2,2339.9
197,-53.8,4130.6
197,-54.2,5135.8
197,-55,5659.8
197,-55.2,4738.2
197,-55.4,4150.5
197,-56,-157.39
197,-56.2,-1747.7
197,-56.4,-3354.5
197,-57.2,-6997.4
197,-57.4,-7022
197,-57.6,-6140.2
197,-58,-4452.7
197,-58.4,-1907.9
197,-58.8,-14.382
197,-59,595.93
197,-59.8,222.82
197,-60.8,-2165.4
197,-61,-2060.8
197,-62,-290.31
197,-63.2,-243.01
197,-63.4,-509.93
197,-64.6,-642.86
197,-65.6,1162.9
197,-68.4,137.66
197,-68.8,866.13
197,-69.6,1483.5
197,-69.8,1206.5
197,-70,984.44
197,-70.8,982.85
197,-71.8,865.27
197,-72,889.87
197,-73.8,202.94
197,-74.2,654.09
197,-75.4,1606.9
197,-76.8,-1475.8
197,-78,-1872
197,-78.2,-1717.8
197,-85.4,525.47
198,-49.2,-253.86
198,-49.4,15.635
198,-49.6,-318.12
198,-50.4,551.91
198,-50.6,574.44
198,-50.8,994.28
198,-51,1087.8
198,-51.2,1416.2
198,-51.6,1752.2
198,-52.4,1281.4
198,-53.4,1873.4
198,-53.8,2925.6
198,-54.6,5178.2
198,-55,4757.2
198,-56,-1285.1
198,-57,-8230.6
198,-57.4,-8027.3
198,-57.6,-7455.6
198,-58,-5451
198,-58.2,-3903.4
198,-59,-41.392
198,-59.4,161.99
198,-59.8,-466.53
198,-61,-2037
198,-61.2,-1807.9
198,-61.8,-222.34
198,-62,-66.825
198,-62.2,486.2
198,-62.6,1068
198,-64.8,-96.354
198,-65,150.86
198,-65.2,638.37
198,-65.6,1137.4
198,-66,1249.4
198,-66.6,210.63
198,-67,-304.86
198,-67.2,-593.28
198,-69.2,1347.6
198,-70.8,722.58
198,-71,582.85
198,-71.4,765.23
198,-72,1064.4
198,-72.4,910.01
198,-75.4,1567.5
198,-76.4,-77.994
198,-76.8,-1086.1
198,-77.8,-2090
198,-79.2,-1751.1
198,-80.6,-144.08
198,-84.2,-930.89
199,-49.2,1196
199,-49.4,1106.3
199,-50.4,1840.3
199,-50.6,2248.5
199,-51,2432.9
199,-51.4,2556.5
199,-51.6,2458
199,-52.8,1182.5
199,-53.8,2976.7
199,-58,-5223.5
199,-60.4,-2034.7
199,-61,-1997.9
199,-62.6,1201.8
199,-63,444.8
199,-64.2,-666.2
199,-64.8,-81.59
199,-66,666.93
199,-66.2,347.51
199,-69,990.87
199,-69.2,1326.3
199,-69.8,1041.3
199,-70,978.04
199,-70.2,918.38
199,-71.8,1295.4
199,-72.8,923.25
199,-73.2,501.74
199,-74.4,654.26
199,-75,1625.9
199,-75.4,1582.7
199,-76,1119.2
199,-77.6,-2334.2
199,-84.8,168.81
199,-85.8,260.83
200,-49.2,1583.1
200,-49.4,1415.3
200,-49.6,1477.1
200,-49.8,1811.2
200,-50,1944.4
200,-50.6,2536.4
200,-52.2,2706
200,-52.4,2386.6
200,-53.8,4277.1
200,-54,4780.2
200,-54.2,5431.8
200,-54.8,5721.9
200,-55,5233.2
200,-55.2,4374.1
200,-55.4,3323.8
200,-57.2,-6762.9
200,-58,-4051.3
200,-58.2,-3079.8
200,-60.4,-1847.8
200,-60.8,-1713.5
200,-61.8,-74.064
200,-63.8,-481.9
200,-64,-438.41
200,-64.2,-547.66
200,-64.4,-298.9
200,-65.6,376.09
200,-66.8,-1958.4
200,-67.2,-2472.2
200,-67.4,-2431
200,-69,1117.6
200,-70.2,753.39
200,-70.8,328.36
200,-72,1277
200,-74,-71.684
200,-74.4,664.74
200,-75.2,1444.1
200,-75.4,1693.6
200,-76.6,-700.13
200,-78.4,-2259.1
200,-78.6,-2218.2
200,-80.2,-615.46
201,-49.2,1378.6
201,-50.6,1856.7
201,-50.8,2015.8
201,-51,2451.9
201,-52,3327.9
201,-53,3892.9
201,-53.2,3981.9
201,-53.8,5072.8
201,-55,4998.7
201,-55.8,589.29
201,-56,-763.69
201,-58,-1903.4
201,-59.2,-310.65
201,-60,-1307
201,-60.2,-1840
201,-61.4,-523.22
201,-61.6,-183.92
201,-63,619.92
201,-63.2,445.18
201,-65.6,-223.4
201,-66.4,-2299.8
201,-67,-3274.2
201,-67.2,-3322.2
201,-69,879.2
201,-70.4,344.3
201,-71,518.91
201,-71.2,405.81
201,-72,1606.9
201,-76.4,-70.394
201,-80.4,39.52
201,-81.8,1615.8
201,-83.6,-1058.9
201,-85.4,573.55
201,-85.6,477.47
202,-49.4,292.99
202,-49.6,-196.52
202,-50,-342.23
202,-50.2,-561.33
202,-51.6,1632
202,-52,2202.5
202,-52.2,2508.3
202,-52.6,3057.5
202,-52.8,3185.8
202,-54,5003.7
202,-55,3066.5
202,-55.2,1939.1
202,-55.4,1239.8
202,-56.2,-1599.2
202,-56.4,-1907.6
202,-60,-1195.9
202,-60.2,-1356.3
202,-61.2,-390.98
202,-61.8,403.02
202,-62.4,766.04
202,-63.2,351.82
202,-64.4,344.51
202,-64.8,-14.734
202,-65.6,-750.76
202,-65.8,-1396.9
202,-66,-2183.1
202,-66.2,-2394.6
202,-67,-3715.9
202,-67.6,-3123.4
202,-69,276.96
202,-69.4,782.03
202,-69.6,490.28
202,-70.6,23.221
202,-71.2,661.17
202,-71.4,853.47
202,-71.6,1375.3
202,-73,703.4
202,-73.8,165.4
202,-74.6,859.64
202,-75,1017.7
202,-76.4,-532.11
202,-77,-1994.5
202,-77.6,-3013.1
202,-78,-2992.5
202,-79.4,-1606.6
202,-80.2,54.917
202,-82.4,525.47
202,-82.6,55.233
202,-84,-754.22
203,-49.4,-1013.7
203,-49.6,-1778.5
203,-50,-1901
203,-50.6,-1657.2
203,-51,-970.82
203,-51.2,-782.22
203,-52.8,1987.6
203,-53.4,2753.4
203,-54,2350.4
203,-56.6,-1962.9
203,-56.8,-1218.5
203,-57.2,-169.84
203,-57.6,742.78
203,-58.6,1388.2
203,-59,536.98
203,-60.4,-1046.6
203,-62.4,427.21
203,-63.6,230.33
203,-63.8,410.07
203,-64,64.064
203,-66,-2505.7
203,-67.2,-3598.5
203,-67.8,-2377.2
203,-68,-2080.7
203,-68.4,-874.6
203,-68.8,-217.37
203,-70.4,-490.48
203,-73,1083.4
203,-74.2,135.17
203,-75.8,861.61
203,-78.8,-2488.2
203,-79.2,-1800.1
203,-79.8,-573.82
203,-80.8,1650.5
203,-83.8,-867.73
204,-49.4,-2076.2
204,-49.6,-2250.8
204,-49.8,-2559.9
204,-50,-2775.8
204,-50.2,-2558.6
204,-50.4,-2592.2
204,-51,-1486.2
204,-51.4,-605.47
204,-52,691.56
204,-52.4,1164.7
204,-52.8,1244.6
204,-53.2,1384.8
204,-54.2,-540.8
204,-54.8,-2027.6
204,-55,-2574.3
204,-57.2,182.16
204,-58.2,2029.3
204,-58.4,1896.3
204,-60,-553.3
204,-62.4,217.26
204,-62.8,85.378
204,-63.4,-210.06
204,-63.6,-203.83
204,-64.4,-79.608
204,-65.2,-881.26
204,-65.6,-1542.1
204,-67,-2774.6
204,-67.6,-2143.3
204,-69,-255.84
204,-69.4,-544.92
204,-69.6,-682.68
204,-71,-375.03
204,-71.4,570.67
204,-72.6,1393.1
204,-73.2,787.94
204,-74,640.75
204,-74.8,939.22
204,-76.4,-716.18
204,-76.6,-1380
204,-80.4,1036.7
204,-80.6,1549.6
204,-83.2,-934.85
204,-85.2,521.73
204,-88.6,916.44
205,-49.2,-1826.6
205,-49.4,-1910.5
205,-49.6,-2106.3
205,-50.8,-597.1
205,-51.8,1045.1
205,-52.8,1259.8
205,-53.2,1030.9
205,-55,-4229.3
205,-55.6,-5091.9
205,-56.4,-2852.9
205,-56.8,-1189.3
205,-57.2,714.79
205,-57.8,2073.5
205,-58.4,1492.7
205,-59,479.1
205,-60.2,23.626
205,-60.4,194.13
205,-61.4,338.91
205,-61.6,456.16
205,-61.8,147.14
205,-62.2,84.733
205,-64,-563.05
205,-64.8,-807.92
205,-65,-918.28
205,-66.6,-1742.8
205,-67.4,-892.95
205,-69.2,-686.45
205,-70.2,-1304.7
205,-71.8,520.33
205,-72.2,1069.4
205,-73.4,546.47
205,-76.2,-629.06
205,-77.8,-3587.3
205,-82,810.8
205,-85,340.19
205,-86.2,-357.82
206,-49.4,-1133.7
206,-49.6,-945.63
206,-49.8,-843.9
206,-50.4,274.74
206,-51.6,2521.5
206,-52,2719.8
206,-52.8,2168.4
206,-54.2,-1663.4
206,-56,-3987.7
206,-56.2,-3239.8
206,-56.4,-2507.8
206,-57.4,1380.4
206,-58,1700.9
206,-58.2,1424.7
206,-61,730
206,-61.4,599.04
206,-61.6,325.73
206,-63.4,-1303.5
206,-63.6,-1379.3
206,-63.8,-1193.5
206,-64,-1008.3
206,-65,-715.41
206,-65.8,-262.43
206,-66.4,-18.243
206,-67,136.01
206,-67.2,154.4
206,-67.8,538.19
206,-68.2,130.15
206,-69.8,-1716.7
206,-70,-1619.6
206,-70.8,-1072.7
206,-71.8,-29.74
206,-72,441.61
206,-73.8,812.89
206,-74.8,1486.2
206,-75,1179.8
206,-75.2,1026.6
206,-75.8,320.76
206,-76.2,-1181.4
206,-77,-2978.7
206,-78,-3090.3
206,-79,-1094.1
207,-49.4,-341.2
207,-49.6,-98.202
207,-49.8,358.01
207,-50,892.16
207,-50.2,1307
207,-50.6,2270.4
207,-50.8,2541
207,-51,3352.9
207,-51.2,3575.1
207,-51.4,3927.9
207,-51.6,4084.5
207,-52,4219.3
207,-52.2,3974.3
207,-53,2664.9
207,-53.4,1507.3
207,-53.6,909.38
207,-53.8,396.95
207,-54,-479.58
207,-54.6,-2510.4
207,-55,-3538.8
207,-57,399.42
207,-57.4,1241.5
207,-58.8,51.933
207,-60,123.04
207,-60.2,74.563
207,-60.4,430.43
207,-60.6,679.53
207,-61.2,542.02
207,-61.4,688.59
207,-61.6,518.15
207,-62.2,-639.77
207,-62.6,-1273.4
207,-62.8,-1328.2
207,-63.2,-1613.9
207,-63.4,-1502.6
207,-63.6,-1456.1
207,-63.8,-1321.4
207,-64,-1359.6
207,-64.2,-1333.5
207,-64.4,-923.29
207,-65.6,488.28
207,-66.2,1148.8
207,-67.6,1421.5
207,-67.8,896.63
207,-68,787.71
207,-69,-839.74
207,-70,-1368.7
207,-70.8,-1018.8
207,-72.6,131.67
207,-73.8,1084.2
207,-76,-530.78
207,-76.4,-1744.2
207,-76.6,-2300
207,-76.8,-2807.5
207,-77,-3039.3
207,-78.8,-1286.1
207,-80,1689.1
207,-82,334.98
207,-85,692.53
207,-88,422.21
208,-49.4,41.462
208,-49.6,463.43
208,-49.8,766.59
208,-50.2,2196.9
208,-50.4,2289.2
208,-50.6,2967
208,-50.8,3514.1
208,-51,3966.3
208,-51.8,4644.3
208,-52.2,4287.8
208,-52.4,4248.4
208,-53.4,1852.1
208,-53.6,1141.7
208,-54.2,-798.72
208,-54.8,-1873.2
208,-55,-2107.4
208,-55.6,-1969.9
208,-56.4,-65.751
208,-56.8,817.21
208,-57.2,1458
208,-58.8,27.041
208,-59.2,-149.81
208,-60.8,1196.9
208,-61.4,578.42
208,-61.6,276.72
208,-62.4,-1222.2
208,-63.2,-1535.8
208,-63.4,-1999.6
208,-63.6,-1425.8
208,-63.8,-1361.1
208,-64.2,-995.53
208,-65,477.3
208,-66.4,2193.5
208,-66.8,2371.5
208,-69.6,-1388.9
208,-69.8,-1341.9
208,-71.8,-711.04
208,-72,-648.82
208,-72.4,-415.41
208,-73.2,521.13
208,-73.6,1048.5
208,-73.8,1245.5
208,-77.2,-3394.3
208,-78,-2633.2
208,-81,2175.7
208,-82.4,-327.63
208,-83.8,-700.8
208,-85,435.29
209,-49.8,756.32
209,-50,1504.4
209,-50.2,2037.5
209,-50.4,2533.2
209,-50.6,2982.8
209,-50.8,3544.8
209,-51,3819.3
209,-51.2,4403.2
209,-51.4,4412.4
209,-53.4,1398.2
209,-54.2,-348.42
209,-54.6,-1317.6
209,-54.8,-1474.3
209,-55.6,-843.46
209,-55.8,-527.66
209,-56,-17.289
209,-57.4,1782.3
209,-57.6,1994.3
209,-58.4,414.12
209,-58.8,-59.36
209,-59.2,-168.28
209,-59.8,400.78
209,-60.6,798.19
209,-61.2,863.28
209,-61.8,430.36
209,-62.4,-476.47
209,-63.8,-802.56
209,-65.2,1069.4
209,-65.8,1987.3
209,-66,2367
209,-66.2,2444.5
209,-66.4,2531.6
209,-67,2258.6
209,-68,468.01
209,-68.2,34.47
209,-68.4,-351.59
209,-69.4,-989.34
209,-71,-629.35
209,-71.8,-886.54
209,-72.8,-588.37
209,-73.8,1985.2
209,-76.4,-2385.2
209,-77.2,-3297.1
209,-77.6,-3144.3
209,-78.4,-1005.2
209,-80.6,2110.3
209,-82,67.612
209,-82.2,-313.52
209,-85,646.23
210,-49.6,248.83
210,-49.8,926.35
210,-50,1747.4
210,-50.2,2188.8
210,-50.4,2826.9
210,-50.8,3738.8
210,-51,3896.7
210,-51.2,3991.2
210,-51.6,3912.6
210,-52.4,2308
210,-53.2,471.44
210,-53.6,-89.343
210,-53.8,-456.8
210,-54,-719.54
210,-54.2,-680.99
210,-55.2,-810.22
210,-55.4,-826.43
210,-57.8,1195.2
210,-58,1085.5
210,-58.2,943.96
210,-58.6,255.54
210,-59.4,-214.94
210,-59.8,507.7
210,-60.6,949.78
210,-60.8,923.88
210,-63.2,-859.11
210,-63.6,-275.92
210,-64.6,546.81
210,-65.2,1398.4
210,-65.8,2222.4
210,-66,2253.6
210,-67.6,558.5
210,-68.6,-814.55
210,-68.8,-1067.7
210,-70,0.49442
210,-70.4,-237.9
210,-71,-99.145
210,-73,6.6639
210,-74.4,2425.5
210,-76,-1365.1
210,-77.2,-3016.6
210,-78.2,-1062.2
210,-79,959.69
210,-80.2,2637.4
210,-82,-144.44
210,-83.4,-477.83
210,-84.4,367.92
211,-49.8,1716.3
211,-50,2386.2
211,-50.2,3033.5
211,-50.4,3537
211,-50.6,3913.7
211,-51.2,3659.6
211,-51.8,2695.2
211,-53.2,-646.93
211,-53.6,-1604.3
211,-54.4,-1809.7
211,-54.8,-1569.4
211,-55.4,-905.66
211,-55.6,-620.71
211,-56.2,154.18
211,-56.4,779.57
211,-56.6,766.17
211,-58,488.78
211,-58.6,279.5
211,-58.8,19.733
211,-59.4,-233.06
211,-61.8,331.19
211,-62.4,112
211,-63,-113.79
211,-63.8,282.87
211,-64.6,649.39
211,-66.2,1720.1
211,-66.4,1555.6
211,-66.6,1424
211,-66.8,1405.1
211,-67,997.36
211,-67.2,642.32
211,-69.6,-421.7
211,-70.8,51.23
211,-71.8,-1565
211,-72.8,-651.67
211,-73.2,840.47
211,-77.4,-2645.7
211,-78,-1000.9
211,-79,1462
211,-79.8,2379.6
211,-81.6,9.5309
211,-81.8,-494.89
211,-84,-2.8437
211,-84.8,507.09
212,-50,3607.9
212,-50.4,4041.5
212,-50.6,4117.3
212,-51,3614.7
212,-51.2,3504.3
212,-52.6,-1280.4
212,-52.8,-1505.7
212,-53.8,-2200.2
212,-54.8,-1559.3
212,-55.4,-1272
212,-55.6,-987.7
212,-56.6,238.02
212,-57,179.29
212,-60.2,-434.1
212,-60.6,-347.99
212,-63,651.75
212,-63.2,426.03
212,-63.6,559.04
212,-64,614.51
212,-64.4,455.84
212,-66.4,892.85
212,-66.6,800.18
212,-66.8,586.02
212,-67.2,6.5343
212,-67.6,-744.46
212,-68.2,-1095.3
212,-68.8,-1201.5
212,-69,-914.59
212,-70.8,11.726
212,-72.6,-737.43
212,-72.8,-348
212,-73.2,1016.9
212,-74.4,2719.8
212,-75,1672.6
212,-77.4,-2538.8
212,-78,-384.75
212,-78.4,1084.1
212,-80,2555.3
212,-81.2,210.67
212,-86.4,-525.66
212,-88.4,962.02
213,-50.2,3956.2
213,-50.4,4138.7
213,-50.8,3704.2
213,-51,3275.9
213,-51.2,2397.8
213,-51.4,1502.5
213,-52,-746.34
213,-52.8,-2617.3
213,-53.6,-2432.6
213,-54,-2240.2
213,-55,-1407.6
213,-55.2,-1085.2
213,-55.8,-652.69
213,-56.2,-616.53
213,-57.6,-688.18
213,-59,-946.06
213,-59.2,-1060.2
213,-59.8,-851.28
213,-60,-574.46
213,-60.4,-368.57
213,-62.2,337.84
213,-62.6,362.98
213,-62.8,819.48
213,-63.6,365.44
213,-63.8,712.8
213,-65.6,335.7
213,-66.6,96.738
213,-67,-50.515
213,-67.4,-655.24
213,-67.8,-955.65
213,-68.2,-1151
213,-68.4,-1339
213,-69,-533.89
213,-69.4,-15.465
213,-70.2,724.2
213,-70.6,442.58
213,-72.4,-478.13
213,-74.2,2820.7
213,-76.6,-3260.3
213,-77.4,-1597
213,-77.6,-1289.6
213,-77.8,-485.07
213,-80.8,572.65
213,-85.8,-166.52
213,-87,-445.86
214,-50.2,3478.6
214,-50.4,3629.4
214,-50.6,3088.4
214,-50.8,2548.5
214,-51,2152.7
214,-51.2,1477.6
214,-51.4,933.37
214,-51.8,-586.76
214,-52.4,-1827.7
214,-52.8,-2454.7
214,-53.6,-1965
214,-53.8,-1578.2
214,-54.4,-1315.5
214,-54.8,-890.9
214,-55.6,-758.81
214,-56.2,-774.12
214,-56.8,-774.73
214,-57,-708.02
214,-58.2,-1153
214,-59.4,-757.75
214,-59.6,-842.71
214,-60.8,-947.55
214,-61,-766.13
214,-62,35.996
214,-63.4,623.47
214,-64.2,246.74
214,-64.8,-74.547
214,-65,-82.494
214,-66.2,11.687
214,-66.4,-246.87
214,-67.2,-605.88
214,-68.6,-729.68
214,-70,511.47
214,-70.8,-50.793
214,-71,-119.11
214,-72.6,-35.408
214,-73,908.26
214,-73.8,2325.6
214,-74.4,1933.1
214,-75,348.51
214,-75.8,-2409
214,-76.4,-3233.9
214,-78,603.15
214,-79.8,2303.2
214,-84.4,450.22
214,-88.8,1083.5
215,-50.4,2227.9
215,-51.8,-798.89
215,-52,-1336.4
215,-52.4,-1598.6
215,-52.6,-1444.4
215,-53.4,-971.36
215,-54.4,-133.53
215,-54.8,5.8459
215,-55.2,-328.62
215,-56,-514.11
215,-56.2,-377.41
215,-57.4,-1168.9
215,-57.6,-1042.8
215,-57.8,-1134.6
215,-58.6,-1010.3
215,-59,-887.31
215,-59.4,-1065.7
215,-60.8,-1158.5
215,-62,-170.38
215,-62.8,153.93
215,-64.8,-333.84
215,-65,-267.55
215,-65.4,-527.37
215,-67,-358.19
215,-67.8,-800.42
215,-68.2,-924.19
215,-68.6,-799.11
215,-70.2,189.5
215,-70.6,-6.227
215,-71.6,-123.97
215,-74.6,890.56
215,-75.2,-823.75
215,-76.2,-3197.5
215,-78,1091.6
215,-78.2,1732.3
215,-78.6,2841.1
215,-79.6,2456.9
215,-81.2,-954.8
215,-81.4,-907.09
215,-82.2,-1013.1
215,-85.2,257.25
216,-50.8,3.4791
216,-51.2,-477.18
216,-51.8,-772.93
216,-52.2,-602.47
216,-52.6,-394.07
216,-53.2,367.88
216,-53.6,978.88
216,-54,600.59
216,-55.2,350.03
216,-56.2,-254.93
216,-56.6,-151.11
216,-56.8,-759.07
216,-57.2,-781.82
216,-57.4,-512.14
216,-57.6,-881.28
216,-57.8,-1048.5
216,-58,-725.87
216,-58.4,-881.11
216,-58.8,-880.67
216,-59.2,-561.18
216,-61.2,-529.4
216,-61.6,-405.5
216,-61.8,-69.824
216,-64.2,-416.38
216,-65,-433.77
216,-65.4,-377.26
216,-65.6,-319.74
216,-66.2,-258.86
216,-66.6,-206.66
216,-67.4,-290.55
216,-68,-315.07
216,-70.8,318.54
216,-72,440.25
216,-72.4,760.82
216,-72.6,1191.2
216,-73.4,1604.9
216,-73.6,1605
216,-75,-915.03
216,-76.2,-3043.7
216,-77.2,-1331.9
216,-79,3315.8
216,-81.2,-1258.4
216,-82.2,-937.18
216,-82.8,-436.72
216,-83,-91.934
217,-50.8,-803.42
217,-51.4,-685.33
217,-51.6,-656.84
217,-52.4,364.2
217,-52.6,774.86
217,-54.2,1455.5
217,-54.4,1215.5
217,-54.6,1304
217,-55.4,500.12
217,-55.6,161.47
217,-56,309.92
217,-56.2,45.82
217,-56.4,-323.67
217,-56.8,-597.03
217,-57.4,-773.51
217,-58.8,-451.78
217,-60.2,-78.633
217,-61,-384.18
217,-61.2,-160.11
217,-62,-250.17
217,-63,-171.45
217,-63.4,-393.98
217,-64.4,-709.47
217,-65,-643.4
217,-66.4,-222.77
217,-68.6,-46.77
217,-68.8,44.108
217,-69.4,-30.373
217,-70.4,159.48
217,-73.4,1372.2
217,-73.6,1088.6
217,-75,-1548.4
217,-76.8,-2126
217,-77.6,460.82
217,-77.8,1346.4
217,-79.2,2769.8
217,-81.6,-1290.3
217,-82.4,-697.13
217,-83.4,431.18
217,-84.6,301.85
217,-85.2,111.58
218,-51,-831.96
218,-51.6,-688.12
218,-53.2,1606
218,-53.6,1598.3
218,-54.2,1311.5
218,-54.6,1316
218,-55.2,865.38
218,-55.8,202.02
218,-56,238.18
218,-57.4,-830.03
218,-58.4,-371.68
218,-59.8,522.26
218,-60.6,271.92
218,-61.4,35.546
218,-62,27.379
218,-62.8,-555.98
218,-63.4,-450.94
218,-63.8,-859.64
218,-67,-296.5
218,-69.4,-113.18
218,-69.6,189.97
218,-70.4,397.24
218,-72.4,2058.7
218,-72.6,1946.2
218,-74.4,-838.3
218,-75.4,-2333.7
218,-78.2,2555.7
218,-80.6,-1382.9
218,-81,-1617.1
218,-83.6,616.66
218,-85.8,-182.34
218,-88.4,1102.4
219,-52.2,918
219,-52.6,1074.9
219,-53,1450.2
219,-53.2,1401.7
219,-53.4,1703.9
219,-53.6,1490.1
219,-53.8,1408.5
219,-54.6,1306.6
219,-54.8,1094
219,-55,781.34
219,-55.2,760.92
219,-56,362.06
219,-56.4,17.546
219,-57.6,-486.54
219,-58.2,-522.52
219,-59.4,-101.59
219,-59.6,119.22
219,-59.8,5.6878
219,-60.4,346.62
219,-60.8,208.56
219,-61.6,-53.938
219,-61.8,-205.81
219,-62.6,-437.54
219,-63.8,-780.13
219,-64,-640.82
219,-66.4,-577.1
219,-66.6,-496.95
219,-66.8,-603
219,-67.8,-119.3
219,-68.4,527.64
219,-69.4,47.986
219,-73.2,754.86
219,-74.4,-1631.4
219,-76.4,-2081.9
219,-78.8,2942.1
219,-82.6,-344.47
219,-83.2,442.32
219,-84.2,415.19
220,-51.6,-104.85
220,-51.8,388.49
220,-52.6,832.26
220,-53.4,1067.6
220,-53.8,1174.4
220,-54.4,1026.3
220,-54.6,1041.7
220,-54.8,749.84
220,-55.4,698.07
220,-56.2,503.88
220,-57,104.14
220,-57.4,-263.71
220,-57.6,-542.88
220,-58.2,-262.44
220,-58.6,-272.86
220,-58.8,-174.85
220,-59.8,136.12
220,-60,223.68
220,-61,189.63
220,-61.2,51.083
220,-62.6,-169.65
220,-62.8,-279.86
220,-63,-493.98
220,-63.4,-484.36
220,-63.6,-416.09
220,-64.4,-619.66
220,-64.6,-561.78
220,-66.2,-829.17
220,-66.4,-761.27
220,-67.6,-106.71
220,-67.8,155.7
220,-68,198.56
220,-68.2,278.34
220,-72,3203.9
220,-72.2,3264
220,-74.8,-1948.6
220,-76,-2255.7
220,-76.2,-1985.3
220,-77.2,186.01
220,-77.8,2006.5
220,-78.4,2773.5
220,-81.2,-1930.6
220,-83.8,553.69
220,-84.6,139.62
220,-86.6,-265.88
221,-52.2,-46.568
221,-52.4,-396.38
221,-53.2,249.46
221,-53.4,381.32
221,-54.2,564.72
221,-54.4,921.87
221,-54.6,797.19
221,-55.2,674.98
221,-55.6,1051
221,-56.4,771.3
221,-56.8,486.36
221,-57,435.69
221,-57.2,244.44
221,-58,-154.14
221,-58.2,-199.12
221,-58.8,-353.36
221,-59.2,-204.8
221,-61.2,-117.8
221,-61.6,-150.77
221,-62,-166.53
221,-64,-164.99
221,-65.2,-812.06
221,-65.6,-922.37
221,-66,-940.17
221,-68.4,517.95
221,-69,-24.215
221,-69.4,2.6712
221,-70.4,1424.9
221,-72,3937.3
221,-73.2,299.93
221,-74.2,-1789.3
221,-74.4,-2146.3
221,-74.8,-2192.5
221,-76.4,-1430.4
221,-77.6,1592.5
221,-79,1874.6
221,-84.2,144.98
221,-85.8,-37.989
222,-52.2,-242.41
222,-52.4,-557.8
222,-52.8,-610.02
222,-53.2,-386.15
222,-53.4,-441.11
222,-53.8,-78.025
222,-54,185.56
222,-54.4,550.14
222,-54.6,1011.9
222,-54.8,882.07
222,-55,1284.3
222,-56,1604
222,-56.6,1439
222,-56.8,1489.1
222,-57.2,871.57
222,-57.4,905.08
222,-57.8,144
222,-58.2,-201.67
222,-61.2,-191.65
222,-61.4,-448.57
222,-62,-292.37
222,-62.4,-241.99
222,-62.6,-314.63
222,-62.8,-188.82
222,-63.2,-276.96
222,-63.6,-25.067
222,-66.2,-240.78
222,-67.4,361.15
222,-67.6,452.78
222,-67.8,489.08
222,-68.4,543.85
222,-68.6,436.05
222,-69.8,366.57
222,-70.4,1505.7
222,-72,3366.2
222,-72.4,2182.6
222,-72.6,1576.1
222,-73.2,-7.8998
222,-75.2,-1918.3
222,-75.4,-1674.3
222,-75.6,-1519.4
222,-76.2,-1056.6
222,-77.4,791.11
222,-78,1757.3
222,-78.2,2016
222,-79.4,282.39
222,-83.4,1020.8
222,-85.4,94.308
223,-52.2,-444.84
223,-52.6,-870.06
223,-53,-834.37
223,-53.4,-580.43
223,-53.8,-491.1
223,-54,47.212
223,-54.2,-81.298
223,-54.4,493.75
223,-54.6,803.97
223,-54.8,1299.3
223,-55.4,2083
223,-56.2,2829.3
223,-58.8,-631.73
223,-59,-635.51
223,-59.6,-370.71
223,-60,-167.35
223,-61,-29.101
223,-62.6,-116.28
223,-63.4,-170.76
223,-63.6,-68.347
223,-63.8,80.109
223,-65.4,31.477
223,-67.4,841.89
223,-67.6,346.58
223,-69.4,42.695
223,-70.4,1679.3
223,-70.6,1957.4
223,-70.8,2412.7
223,-72,2776.5
223,-72.8,156.02
223,-73,-463.59
223,-74.2,-2052.3
223,-74.8,-1550.9
223,-75.2,-1349.2
223,-76.2,-1185.4
223,-77.4,817.41
223,-77.6,1014.7
223,-82.4,469.81
223,-83.2,695.15
223,-84.2,366.39
223,-85.6,-189.92
223,-86,-300.03
224,-53.6,-702.63
224,-53.8,-939.85
224,-54.2,-531.35
224,-54.4,40.681
224,-54.6,323.78
224,-55,1397.7
224,-56.8,3329.2
224,-57,2817.5
224,-58.8,-706.96
224,-59.2,-729.77
224,-60.6,-117.14
224,-60.8,-120.26
224,-61,152.68
224,-63,-445.32
224,-63.2,-335.24
224,-64.6,525.8
224,-65.2,430.28
224,-65.4,529.42
224,-65.8,78.959
224,-66,201.34
224,-66.2,10.48
224,-66.4,248.06
224,-67.8,469.64
224,-69.6,180.83
224,-69.8,367.68
224,-71,2426
224,-72.4,988.51
224,-73.8,-1705.2
224,-78.4,1294.1
224,-78.6,1143.5
224,-79.4,46.964
224,-79.8,-858.12
224,-80.2,-1472.7
224,-80.6,-1403.6
224,-81,-1325.7
224,-87,26.937
225,-53.8,-1256.9
225,-54.2,-1060.5
225,-54.4,-340.14
225,-54.6,-155.62
225,-56,2767.6
225,-58.6,-478.75
225,-58.8,-697.74
225,-59,-674.25
225,-59.2,-987.45
225,-59.8,-855.6
225,-60.2,-417.94
225,-60.4,-356.64
225,-60.6,-128.08
225,-61.2,198.86
225,-62.4,-619.92
225,-63,-962.09
225,-64.2,278.03
225,-64.6,610.31
225,-67.4,580.09
225,-68.4,408.79
225,-68.6,286.27
225,-70.6,1207.9
225,-71.2,1684.7
225,-71.4,1491.4
225,-71.8,1278.5
225,-72.8,-1200.9
225,-73.2,-1898.5
225,-74.6,-960.87
225,-79.4,-248.52
225,-79.6,-710.14
225,-79.8,-1095.7
225,-80.8,-1320
225,-81.4,-278.81
225,-83,1013.9
226,-53.2,-546.28
226,-53.4,-960.13
226,-53.6,-1060.5
226,-53.8,-1169.4
226,-54.8,-665.08
226,-55.4,289.41
226,-55.6,912.04
226,-56.6,2538.3
226,-57.2,2369.9
226,-57.4,2211.8
226,-57.6,1672.7
226,-58.6,-138.09
226,-58.8,-467.87
226,-59.4,-760.43
226,-59.6,-923.05
226,-61.2,418.45
226,-61.6,230.34
226,-63,-962.5
226,-64,-105.05
226,-64.2,-12.881
226,-64.4,329.33
226,-66.6,218.06
226,-67.2,538.23
226,-68.8,840.7
226,-70.6,949.99
226,-71,1198.3
226,-71.2,886.03
226,-71.4,787.65
226,-71.8,139.36
226,-72.4,-1439.5
226,-72.8,-1802.8
226,-76.6,-623.28
226,-79.2,-294.36
226,-81.6,216.56
226,-87.2,22.415
227,-53.6,-727.37
227,-54,-1419.3
227,-54.6,-1327.7
227,-57.6,1598.9
227,-58.2,785.08
227,-58.8,-130.75
227,-59.2,-657.48
227,-62.2,23.147
227,-62.4,-96.62
227,-63.6,-473.98
227,-64,-649.9
227,-64.6,213.1
227,-65.2,327.03
227,-65.6,297.96
227,-66.4,260.8
227,-67.4,517.3
227,-67.8,653.69
227,-68.8,1185.2
227,-69,1273.5
227,-70,463.43
227,-70.2,663.84
227,-71.8,-1040.8
227,-72.4,-2172.6
227,-73,-2374.6
227,-73.2,-2217.1
227,-75,-80.042
227,-76.4,-877.26
227,-78,151.6
227,-78.2,182.98
227,-79.2,-217.72
227,-85.4,-158.74
227,-86.8,172.51
228,-53.8,-441.99
228,-54,-686.56
228,-54.4,-1445.1
228,-54.6,-1313
228,-55,-1564.2
228,-55.2,-1841.6
228,-56.2,-684.25
228,-56.4,-378.91
228,-57.4,1444.2
228,-57.6,1531.7
228,-58.8,905.31
228,-60.8,617.12
228,-62,438.51
228,-62.6,-160.42
228,-63.6,-1049.3
228,-63.8,-782.94
228,-64.4,-401.38
228,-64.6,-360.58
228,-64.8,-39.034
228,-65.6,336.67
228,-65.8,-157.78
228,-66,-105.46
228,-67.6,835.05
228,-67.8,829.17
228,-68.6,1204
228,-68.8,1450.6
228,-69.4,1319.4
228,-69.8,942.01
228,-70.6,-35.388
228,-74.2,-539.43
228,-78.6,-23.74
228,-78.8,-255.96
228,-81.6,388.89
229,-54.2,-698.03
229,-54.4,-953.95
229,-54.6,-1207.3
229,-56.2,-1201.9
229,-58.8,1518.7
229,-59,1422.5
229,-60.2,-189.48
229,-60.4,63.717
229,-60.8,447.51
229,-61.2,704.46
229,-61.6,854.05
229,-62.4,268.95
229,-62.6,-79.248
229,-62.8,-354.96
229,-63.6,-1284.3
229,-63.8,-1161.5
229,-64.4,-742.42
229,-64.8,-815.16
229,-66.4,15.751
229,-66.8,263.72
229,-67,-55.733
229,-67.8,900.49
229,-68.2,1504.5
229,-69.2,1524.1
229,-71,-1613.9
229,-71.2,-1718.4
229,-73.2,-2060.6
229,-73.4,-1466.2
229,-74.4,377.32
229,-74.6,161.83
229,-75,506.85
229,-75.4,154.21
229,-80,-241.94
229,-81.4,555.43
229,-82.6,1095.1
229,-84.2,-104.25
229,-88,778
229,-88.2,677.11
230,-54.4,-768.94
230,-54.6,-817.78
230,-54.8,-1079.3
230,-55,-1360.7
230,-55.2,-1320.5
230,-55.4,-1106
230,-55.6,-1280.2
230,-55.8,-1249.2
230,-56,-1238.1
230,-56.2,-981.34
230,-56.4,-903.93
230,-57.2,947.32
230,-57.6,1763.7
230,-58.4,2195
230,-59.8,423.71
230,-60,28.251
230,-61,362.64
230,-61.6,1169.8
230,-61.8,860.72
230,-62,782.36
230,-62.8,-346.1
230,-63.2,-991.2
230,-64.2,-1308.4
230,-64.6,-1047.9
230,-64.8,-814.97
230,-65,-562.44
230,-65.4,-186.35
230,-65.8,1.4798
230,-66.2,-128.82
230,-66.4,-82.131
230,-66.6,182.13
230,-68.4,1305.4
230,-69.4,506.69
230,-69.8,-38.285
230,-70,-91.784
230,-73.8,-93.597
230,-77.6,-583.71
230,-78.6,84.438
230,-79.2,-64.559
230,-80,219.52
230,-81.4,600.45
230,-83.4,236.35
230,-84.6,-329.63
230,-85.6,213.97
230,-87.8,718.98
231,-55.2,-993.1
231,-55.4,-1080.1
231,-55.6,-932.56
231,-55.8,-893.28
231,-56,-808.41
231,-56.4,-706.54
231,-56.6,-349.11
231,-56.8,197.62
231,-57,495.97
231,-57.4,1262.6
231,-57.6,1615.8
231,-58,2015.3
231,-58.2,2449.2
231,-59,1506
231,-59.4,929.68
231,-60,75.751
231,-61.6,399.2
231,-62.8,-487.3
231,-63,-780.12
231,-63.2,-1087.9
231,-65.2,-658.63
231,-67.2,-242.15
231,-68,224.38
231,-70.4,-1780.6
231,-70.8,-2544.1
231,-71.4,-3152.4
231,-71.6,-2992.6
231,-72.6,-1925.7
231,-74.4,708.87
231,-74.6,725.61
231,-75,371.35
231,-75.2,54.316
231,-75.4,-21.213
231,-77,-972.88
231,-79.8,351.89
231,-86.2,-22.093
231,-87.2,211.68
231,-88,1221
232,-55.2,-682.8
232,-55.4,-341.73
232,-55.6,-499.52
232,-55.8,-524.07
232,-56,-325.15
232,-56.2,-456.32
232,-56.4,-329.12
232,-56.8,84.318
232,-57.2,419.25
232,-57.6,1139.4
232,-58,1538.8
232,-58.2,1641.4
232,-59.2,1288.6
232,-59.6,496.46
232,-60,65.462
232,-61.4,-65.456
232,-62,-301.9
232,-63.2,-1241.6
232,-64,-1558
232,-65.8,-12.314
232,-66.2,-165.55
232,-67,-627.4
232,-68.2,-556.97
232,-68.8,-595.32
232,-69,-661.58
232,-69.2,-763.56
232,-69.6,-1356.6
232,-73.8,597.91
232,-75.4,-230.65
232,-76.2,-1103.6
232,-76.4,-881.41
232,-77.4,-612.01
232,-80.2,557.6
232,-83,382.33
232,-83.4,52.749
232,-86,144.66
233,-55.8,-365.35
233,-56,-329.52
233,-56.4,-83.11
233,-57,-428.86
233,-57.2,30.944
233,-57.4,44.361
233,-57.6,59.887
233,-57.8,588.93
233,-58.6,963.69
233,-59.6,126.64
233,-60.2,-330.97
233,-60.4,-2.4231
233,-61.2,-646.45
233,-61.4,-258.87
233,-61.8,-402.69
233,-63.6,-1151.1
233,-64,-1118.3
233,-64.2,-1053.9
233,-64.8,-556.64
233,-66,-96.267
233,-67.6,-1468.3
233,-70.2,-2799.6
233,-70.4,-2874.3
233,-70.8,-2787.8
233,-72.2,-1180.3
233,-73.2,349.12
233,-73.4,561.25
233,-76.4,-841.05
233,-77.4,-187.6
233,-78.4,-2.7723
233,-81.2,822.76
233,-82.6,472.76
234,-56,-248.11
234,-56.8,-626.5
234,-57.2,-573.09
234,-57.4,-579.12
234,-58.2,-37.905
234,-59.6,310
234,-61.4,-531.13
234,-61.6,-348.93
234,-62.6,-638.02
234,-62.8,-835.61
234,-63,-729.05
234,-63.6,-755.59
234,-64.2,-519.69
234,-64.4,-821.78
234,-65.4,158.83
234,-67.2,-1696.5
234,-67.8,-2325.7
234,-68.2,-2245.8
234,-69.8,-2715.6
234,-70.2,-3024
234,-70.8,-2599.4
234,-71,-2511.2
234,-71.2,-2434.5
234,-72.2,-484.9
234,-72.8,441.28
234,-73,895.63
234,-73.2,889.27
234,-75.8,-332.74
234,-76,-549.02
234,-79.4,596.6
234,-79.6,755.66
234,-80.4,1083.1
234,-82,365.85
234,-82.2,285.46
235,-56.8,-526.91
235,-57.4,-875.98
235,-57.6,-579.28
235,-58,-519.38
235,-58.6,-85.212
235,-58.8,20.371
235,-59,78.62
235,-59.4,376.94
235,-59.6,59.907
235,-60.4,60.6
235,-60.6,-79.416
235,-61.6,-395.19
235,-62.4,-441.89
235,-62.8,-493.18
235,-63,-292.69
235,-63.4,-368.03
235,-63.6,-497.03
235,-67,-1353.8
235,-67.8,-2460.1
235,-68.2,-2338.6
235,-68.8,-2527
235,-69,-2469.6
235,-69.2,-2614.2
235,-69.6,-2502.8
235,-70,-2417.8
235,-71,-2262.5
235,-72.6,578.06
235,-73.8,1028.1
235,-78.8,535.98
235,-86.6,117.66
236,-56.8,-342.27
236,-57.4,-610.91
236,-57.6,-606.13
236,-58.2,-609.32
236,-58.4,-514.24
236,-61.2,-62.682
236,-63,-41.771
236,-63.6,-154.48
236,-65,471.44
236,-65.2,511.25
236,-65.4,451.67
236,-65.8,362.9
236,-66.2,20.572
236,-68.4,-1962
236,-70.2,-1504.2
236,-71,-1193.8
236,-71.6,-364.71
236,-72.2,526.13
236,-73.4,1219.7
236,-73.6,984.36
236,-74.8,182.83
236,-75,69.093
236,-75.2,-164.69
236,-77.4,514.26
236,-78.6,597.28
236,-78.8,504.23
236,-79.4,817.81
236,-80.8,838.17
236,-86.2,69.658
237,-57.2,-28.857
237,-57.6,-194.47
237,-58.4,-140.71
237,-59.6,526.02
237,-60,565.53
237,-61.4,430.52
237,-61.8,340.73
237,-63.8,100.14
237,-65.6,458.95
237,-65.8,600.68
237,-66,624.79
237,-66.4,-8.5792
237,-66.6,-0.51665
237,-67,-500.35
237,-67.8,-1233.4
237,-69.4,-1150.9
237,-70.4,-949.95
237,-71.8,523.48
237,-72.6,1044.4
237,-74.2,273.56
237,-74.8,214.4
237,-75.8,-40.117
237,-76.4,387.01
237,-78.2,287.4
237,-78.4,450.39
237,-82.4,-197.21
237,-83.4,-670.53
237,-84.2,-405.38
238,-57.8,310.84
238,-58.2,192.39
238,-58.6,167.11
238,-58.8,141.35
238,-59,50.165
238,-60,309.82
238,-61.2,516.05
238,-61.4,573.42
238,-61.6,373.44
238,-61.8,476.14
238,-62.2,327.63
238,-62.6,194.15
238,-63.4,5.8232
238,-63.8,135.42
238,-64,-28.34
238,-64.8,94.292
238,-65.6,562.87
238,-65.8,753.95
238,-66.8,377.11
238,-67.2,-190.16
238,-69.4,-322.88
238,-69.8,-267.47
238,-70.4,-225.4
238,-70.8,70.353
238,-72.2,1090.7
238,-72.6,1190.3
238,-72.8,867.58
238,-73.6,570.74
238,-73.8,665.8
238,-76.8,826.78
238,-77.2,881.14
238,-79.4,695.87
238,-79.8,923.88
238,-83.2,-731.91
239,-58.2,618.76
239,-58.4,603.56
239,-58.6,538.23
239,-59.4,156.67
239,-60.6,313.09
239,-61,363.03
239,-61.8,344.59
239,-62,215.45
239,-62.2,195.69
239,-63.2,70.796
239,-63.4,-164.61
239,-63.8,-119.31
239,-64,-79.678
239,-64.2,-81.963
239,-64.4,-24.093
239,-64.6,-114.59
239,-65.8,500.71
239,-66,662.61
239,-66.2,613.17
239,-67.6,343.94
239,-68,264.3
239,-68.8,274.59
239,-72.2,1035.3
239,-73.2,569.43
239,-73.4,187.23
239,-75.2,-6.3262
239,-75.8,389.92
239,-76.2,719.3
239,-77.2,769.98
239,-77.6,750.04
239,-79.4,354.14
239,-79.6,447.1
239,-85,-252.09
239,-87.6,211.15
240,-58.6,814.25
240,-59.4,276.8
240,-59.6,280.55
240,-59.8,321.08
240,-60,74.295
240,-60.4,-165.21
240,-61.4,181.45
240,-61.8,-162.35
240,-62.4,-162.18
240,-62.8,237.87
240,-63.2,147.23
240,-63.8,-116.63
240,-64.2,34.215
240,-65,-139.42
240,-66,-96.141
240,-66.2,596.19
240,-66.6,498.91
240,-68.6,824.58
240,-69,889.97
240,-69.6,630.55
240,-75.8,527.21
240,-79.4,402.43
240,-83.4,-663.55
240,-84,-370.06
240,-84.2,-315.47
240,-86.8,98.482
241,-59.2,441.08
241,-59.8,152.84
241,-60.2,-29.233
241,-60.4,-169.91
241,-60.6,-71.394
241,-60.8,-367.63
241,-61,-228.9
241,-64.4,105.09
241,-65,-150.33
241,-65.4,-254.34
241,-65.6,-182.67
241,-65.8,-238
241,-66.6,27.461
241,-67,346.51
241,-67.2,308.69
241,-68.4,949.55
241,-69,752.22
241,-69.8,288.82
241,-70.8,185.02
241,-71.8,479.6
241,-72,388.93
241,-75.2,386.35
241,-75.4,-70.941
241,-75.8,421.84
241,-76.4,1194.8
241,-77.2,557.64
241,-77.4,491.11
241,-77.6,571.01
241,-78.4,356.26
241,-78.6,142.43
241,-81.6,-325.36
241,-87.4,262.16
242,-59.6,141.6
242,-60.4,-422.22
242,-62,-432.35
242,-62.2,-432.09
242,-62.4,-631.39
242,-62.8,-311.13
242,-63.6,-128.98
242,-63.8,-136.71
242,-64,20.398
242,-64.8,-249.55
242,-68.4,208.65
242,-68.8,362.77
242,-70.6,-136.43
242,-71.8,212.58
242,-72.4,-159.74
242,-73.2,-222.4
242,-73.8,50.216
242,-75.4,545.72
242,-75.6,631.29
242,-76.4,1011.6
242,-78.6,-155.58
242,-79.8,336.33
243,-60.6,-528.66
243,-60.8,-459.1
243,-61,-459.3
243,-61.6,-372.46
243,-62,-848.93
243,-62.4,-829.08
243,-62.8,-79.328
243,-63.4,-85.213
243,-64.2,187.68
243,-65.6,-676
243,-68,-227.63
243,-68.6,-109.43
243,-68.8,81.63
243,-69.2,153.91
243,-70.4,-207.68
243,-70.8,-99.977
243,-72,-35.228
243,-73.2,-225.77
243,-74.2,-179.61
243,-76.2,803.69
243,-76.8,982.17
243,-78.2,-147.11
243,-80.2,324.39
243,-80.4,378.82
243,-81.6,-199.12
243,-86.6,-132.45
243,-87.8,284.16
244,-60.6,65.897
244,-60.8,-32.936
244,-61.4,-457.85
244,-62,-395.83
244,-62.2,-454.19
244,-62.6,-496.35
244,-62.8,-218.64
244,-63,-236.15
244,-63.6,-16.426
244,-63.8,214.8
244,-64.2,-210.64
244,-64.6,-432.9
244,-64.8,-184.31
244,-65,-316.98
244,-65.6,-813.79
244,-66.4,-908.74
244,-66.6,-1068.1
244,-66.8,-829.78
244,-67.4,-862.82
244,-67.8,-249.9
244,-68,-560.5
244,-69.4,-64.3
244,-70.4,-246.76
244,-70.8,-147.97
244,-71.6,91.355
244,-74,-79.339
244,-77.4,549.35
244,-78.2,-238.15
244,-80.2,78.316
244,-82,-463.37
244,-83.2,-528.38
244,-84.4,-277.67
244,-84.8,-15.24
244,-88,758.1
244,-88.2,522.23
245,-61.2,-248.37
245,-61.8,-223.68
245,-62,-200.16
245,-62.4,-431.6
245,-62.6,-330.63
245,-63,-99.283
245,-64,-45.054
245,-64.8,-88.007
245,-65.2,-104.46
245,-65.6,-450.43
245,-66.6,-880.92
245,-67.6,-351.59
245,-69.2,60.344
245,-69.4,-39.774
245,-69.6,-16.41
245,-69.8,-287.93
245,-70.6,-45.351
245,-70.8,-132.42
245,-71.4,248.1
245,-73.6,203.87
245,-73.8,221.49
245,-76,708.48
245,-76.4,581.42
245,-76.6,755.37
245,-78.2,-124.69
245,-78.6,-370.52
245,-79,-314.14
245,-79.6,-293.9
245,-81.4,-31.418
245,-82.4,-328.09
245,-84.2,-187.23
245,-85,-18.9
246,-61.8,-78.094
246,-62,-214.73
246,-62.4,-220.25
246,-62.6,-42.807
246,-62.8,-303.19
246,-63.2,1.0743
246,-64,13.236
246,-64.2,61.493
246,-64.6,-73.731
246,-65,-77.933
246,-65.4,170.64
246,-65.8,29.171
246,-68.2,-266.4
246,-68.4,-318.26
246,-69.2,126.29
246,-69.8,88.313
246,-70.2,-105.02
246,-70.4,26.782
246,-71.2,-4.6599
246,-72,443.96
246,-73.2,205.47
246,-73.8,19.602
246,-75.2,456.61
246,-76.4,452.76
246,-77.2,108.33
246,-78.8,-625.8
246,-85.2,92.782
246,-87.6,64.536
247,-62.2,172.09
247,-62.4,162.94
247,-62.6,192.07
247,-62.8,84.055
247,-63,302.71
247,-63.2,-53.812
247,-63.6,251.81
247,-63.8,15.227
247,-64,-178.75
247,-64.4,444.65
247,-65,373.39
247,-65.2,225.12
247,-65.4,388.87
247,-65.6,332
247,-66,172.56
247,-66.2,212.09
247,-66.4,94.552
247,-66.8,75.863
247,-67.8,-235.87
247,-68.6,-58.112
247,-68.8,-176.77
247,-71,454.66
247,-71.6,222.44
247,-74,325.93
247,-74.4,217.28
247,-74.8,405.65
247,-75.6,383.93
247,-76.6,575.23
247,-77.2,9.6263
247,-80,15.34
247,-80.8,-264.63
247,-82.2,-85.9
247,-82.4,-53.946
248,-62.8,324.85
248,-63,60.882
248,-63.2,257.77
248,-63.6,640.32
248,-63.8,151.2
248,-65,396.92
248,-66.8,302.15
248,-67.2,-71.693
248,-67.4,-61.449
248,-68,16.653
248,-68.8,162.38
248,-69.2,112.49
248,-69.6,423.25
248,-70.4,380.83
248,-72.2,510.01
248,-73.6,185.16
248,-74.2,49.696
248,-78,-549.3
248,-79.6,-301.38
248,-80.8,204.24
248,-81,149.84
248,-82,-141.42
248,-82.2,-121.65
248,-82.8,-4.5101
248,-87.6,-21.826
248,-87.8,-23.674
249,-63.6,342.9
249,-64.4,0.70766
249,-65.2,507.43
249,-65.4,505.32
249,-65.6,433.5
249,-66.4,309.48
249,-66.8,585.51
249,-67.8,423.61
249,-68,219.12
249,-68.8,91.8
249,-69,381.84
249,-72,221.94
249,-72.6,191.48
249,-76,148.97
249,-76.2,129.4
249,-76.6,-14.46
249,-80.6,195.87
249,-81.6,236.16
249,-84.8,413.4
250,-65,713.87
250,-65.4,758.8
250,-65.8,498.66
250,-66,710.41
250,-67,-75.358
250,-68.8,-44.502
250,-69.2,176.96
250,-71.2,200.37
250,-74,-11.613
250,-76.4,-132.03
250,-76.6,-200.07
250,-76.8,-159.28
250,-77,-195.33
250,-79.2,-203.43
250,-80.8,346.43
250,-83.4,45.137
250,-86,-151.28
250,-87.6,24.981
251,-65,556.86
251,-65.2,428.66
251,-65.8,660.86
251,-66,783.52
251,-68,326.73
251,-68.2,-145.48
251,-68.4,-21.294
251,-69.8,-49.075
251,-70,-231.66
251,-70.6,-91.03
251,-71.4,74.713
251,-71.6,-325.15
251,-72.6,160.23
251,-73.8,-83.448
251,-74,-25.085
251,-74.8,-215.8
251,-75,-339.94
251,-77.2,-473.49
251,-77.8,-394.12
251,-81.8,171.87
251,-83.2,303.97
252,-65.2,401.43
252,-65.6,448.94
252,-65.8,242.18
252,-66.2,143.25
252,-66.6,213.8
252,-66.8,95.358
252,-67.4,-124.63
252,-68,-137.18
252,-69.6,-231.52
252,-70.2,48.208
252,-70.4,-466.37
252,-72,-11.94
252,-75.4,-440.82
252,-76.8,-331.66
252,-77.6,-571.79
252,-78.2,-285.08
252,-78.8,-295.58
252,-82,548.72
252,-82.4,188.47
252,-82.6,20.283
252,-83.2,153.74
252,-88.2,283.71
253,-65.8,131.95
253,-66,27.302
253,-66.6,290.46
253,-68,-18.944
253,-68.2,126.42
253,-69.8,-79.2
253,-70,-239.82
253,-70.2,-368.11
253,-71.8,-95.361
253,-72.6,-69.73
253,-72.8,109.05
253,-73,247.37
253,-73.6,120.99
253,-74.8,-288.89
253,-76.4,-338.07
253,-84.2,213.36
253,-87.4,-33.191
254,-66.4,-288.87
254,-67,-19.606
254,-68.2,-117.1
254,-69,-14.709
254,-69.2,3.3558
254,-69.6,211.06
254,-70.2,-253.56
254,-70.6,-283.99
254,-74.6,-55.345
254,-76.2,-369.74
254,-77,-509.65
254,-77.2,-227.09
254,-80.2,320.19
254,-80.6,294.67
254,-80.8,334.33
254,-85.2,58.63
254,-85.6,-7.1102
254,-86.8,-852.24
255,-68.2,-104.21
255,-68.6,203.8
255,-68.8,186
255,-69,195.82
255,-69.4,104.88
255,-69.8,116.76
255,-70,-56.254
255,-70.4,-253.48
255,-70.6,-153
255,-70.8,-192.88
255,-71.4,-14.76
255,-71.6,-368.13
255,-74,133.24
255,-74.4,23.872
255,-76.6,-602.94
255,-78.6,154.91
255,-78.8,305.51
255,-80,290.14
255,-81.2,272.22
255,-82.6,371.64
256,-68.4,-27.363
256,-68.6,108.37
256,-68.8,66.854
256,-69.2,-32.197
256,-69.6,258.7
256,-70,-104.86
256,-70.2,-164.63
256,-74.2,187.78
256,-74.8,-345.59
256,-75,-43.453
256,-76.4,-414.18
256,-77.4,-127.87
256,-80.4,307.15
256,-80.8,152.99
257,-68.8,-55.016
257,-69.4,212.24
257,-70.6,-18.776
257,-70.8,-150.33
257,-73,199.8
257,-76.4,-231.91
257,-81.4,310.42
257,-84.8,-100.5
257,-88,426.21
258,-69.4,55.932
258,-69.6,-41.41
258,-70.2,-22.869
258,-70.4,-240.6
258,-71.2,-114.19
258,-71.4,155.26
258,-72,-263.21
258,-72.4,-50.113
258,-73,441.97
258,-73.2,-87.26
258,-73.6,104.1
258,-74.4,107.66
258,-75,-265.89
258,-75.6,-234.95
258,-76.6,-291.79
258,-77.6,6.5266
258,-82.8,312.48
258,-84,215.71
258,-86.8,-98.574
259,-69.8,-33.994
259,-70.2,-117.78
259,-70.4,8.392
259,-70.6,-114.91
259,-71.6,26.769
259,-72.6,301.53
259,-72.8,238.69
259,-75.2,73.674
259,-77.4,268.92
259,-79.6,404.28
259,-80.8,108.9
259,-81.4,-23.227
259,-83.4,36.923
259,-83.6,-131.62
259,-84,15.859
260,-70.6,-64.398
260,-71.4,-65.146
260,-71.6,88.667
260,-76,-80.839
260,-76.4,-267.66
260,-76.8,-88.111
260,-78.4,245.56
260,-81.4,43.06
260,-82,-205.4
260,-82.6,-86.498
260,-83,115.32
260,-83.6,84.874
261,-73,253.11
261,-73.2,257.72
261,-73.4,67.969
261,-73.6,-30.586
261,-74.2,91.41
261,-74.6,-225.42
261,-76.8,-90.427
261,-78.2,31.529
261,-84.8,9.0462
261,-85,160.29
261,-87.2,-534.67
262,-72,186.02
262,-72.4,158.57
262,-72.6,234.3
262,-72.8,55.724
262,-73,97.362
262,-73.2,72.998
262,-73.4,-182.83
262,-73.6,131.51
262,-73.8,-5.9176
262,-74,44.483
262,-74.8,97.587
262,-75.2,140.05
262,-76.2,97.222
262,-76.8,37.619
262,-77.8,140.96
262,-78.2,180.07
262,-78.8,153.97
262,-80,446.92
262,-80.8,-239.32
262,-81.2,-169.29
262,-83.8,-188.17
262,-85.2,-20.159
262,-85.6,21.89
262,-87.4,-417
263,-72.8,253.22
263,-73,230.44
263,-73.2,353.35
263,-73.4,214.06
263,-73.6,210.76
263,-73.8,75.438
263,-74,33.638
263,-75.2,212.57
263,-75.4,32.208
263,-77.8,25.783
263,-78,18.935
263,-83.4,31.251
263,-85.6,-171.42
263,-85.8,34.956
264,-73.6,286.85
264,-73.8,59.317
264,-74,86.551
264,-74.2,-166.84
264,-74.6,0.11943
264,-74.8,-1.9419
264,-75,-92.964
264,-75.4,52.771
264,-76,364.93
264,-77.2,254.97
264,-77.8,179.04
264,-78,-16.678
264,-78.4,128.39
264,-78.6,4.4521
264,-81.8,-367.46
264,-83.8,-189.55
265,-74.4,-138.67
265,-74.6,-76.172
265,-75,-119.99
265,-75.2,20.435
265,-75.4,82.158
265,-76,164.26
265,-76.6,349.55
265,-82.6,-167.92
266,-75.8,-7.1586
266,-77.8,167.78
266,-78,-67.039
266,-78.8,-203.59
266,-79.4,-77.248
266,-79.8,-76.424
266,-80,90.4
266,-81.6,-419.15
266,-82.8,-364.44
266,-83,-41.967
266,-83.4,-163.58
266,-84,-9.6037
266,-84.2,-236.83
266,-84.4,-59.519
266,-86,-151.85
266,-86.6,-623.77
267,-78,-193.51
267,-78.4,12.072
267,-79.2,-252.74
267,-79.4,135.22
267,-79.6,231.21
267,-79.8,207.72
267,-80,-24.429
267,-81.6,-367.88
267,-83.8,-248.06
267,-84.2,-55.92
267,-85,-61.713
268,-78.6,-216.28
268,-78.8,-99.652
268,-79,-280.04
268,-79.2,-339.31
268,-79.4,-275.17
268,-79.6,130.54
268,-79.8,-32.935
268,-80,185.73
268,-80.2,-58.503
268,-80.6,-341.88
268,-81.2,-145.3
268,-82,18.851
268,-82.2,-25.979
268,-83.6,185.41
268,-84,-182.93
268,-84.4,-346.53
269,-78,-192
269,-78.2,-249.72
269,-78.4,-260.9
269,-78.6,-196
269,-78.8,-291.59
269,-79,-32.23
269,-79.2,0.79692
269,-79.4,-123.92
269,-79.6,87.032
269,-79.8,42.758
269,-80,-69.563
269,-80.2,-247.28
269,-81,-67.639
269,-82.4,-201.84
269,-83,54.646
269,-83.2,-15.68
269,-83.8,105.66
269,-84.2,-23.895
270,-79,-118.58
270,-79.2,-127.77
270,-79.4,128.06
270,-79.6,13.194
270,-79.8,132.58
270,-80,31.555
270,-80.2,86.826
270,-80.4,54.971
270,-80.8,-169.82
270,-81.2,-11.184
270,-81.6,-144.57
270,-83,279.58
270,-83.2,183.68
270,-83.8,-144.86
271,-80.2,-110.85
271,-80.4,299.48
271,-82,-187.02
271,-83.8,-136.8
271,-84.2,42.408
272,-82.2,176.73
272,-83,147.99
272,-83.6,117.12
